995000
995001
995002
995003
995004
995005
995006
995007
995008
995009
995010
995011
995012
995013
995014
995015
995016
995017
995018
995019
995020
995021
995022
995023
995024
995025
995026
995027
995028
995029
995030
995031
995032
995033
995034
995035
995036
995037
995038
995039
995040
995041
995042
995043
995044
995045
995046
995047
995048
995049
995050
995051
995052
995053
995054
995055
995056
995057
995058
995059
995060
995061
995062
995063
995064
995065
995066
995067
995068
995069
995070
995071
995072
995073
995074
995075
995076
995077
995078
995079
995080
995081
995082
995083
995084
995085
995086
995087
995088
995089
995090
995091
995092
995093
995094
995095
995096
995097
995098
995099
995100
995101
995102
995103
995104
995105
995106
995107
995108
995109
995110
995111
995112
995113
995114
995115
995116
995117
995118
995119
995120
995121
995122
995123
995124
995125
995126
995127
995128
995129
995130
995131
995132
995133
995134
995135
995136
995137
995138
995139
995140
995141
995142
995143
995144
995145
995146
995147
995148
995149
995150
995151
995152
995153
995154
995155
995156
995157
995158
995159
995160
995161
995162
995163
995164
995165
995166
995167
995168
995169
995170
995171
995172
995173
995174
995175
995176
995177
995178
995179
995180
995181
995182
995183
995184
995185
995186
995187
995188
995189
995190
995191
995192
995193
995194
995195
995196
995197
995198
995199
995200
995201
995202
995203
995204
995205
995206
995207
995208
995209
995210
995211
995212
995213
995214
995215
995216
995217
995218
995219
995220
995221
995222
995223
995224
995225
995226
995227
995228
995229
995230
995231
995232
995233
995234
995235
995236
995237
995238
995239
995240
995241
995242
995243
995244
995245
995246
995247
995248
995249
995250
995251
995252
995253
995254
995255
995256
995257
995258
995259
995260
995261
995262
995263
995264
995265
995266
995267
995268
995269
995270
995271
995272
995273
995274
995275
995276
995277
995278
995279
995280
995281
995282
995283
995284
995285
995286
995287
995288
995289
995290
995291
995292
995293
995294
995295
995296
995297
995298
995299
995300
995301
995302
995303
995304
995305
995306
995307
995308
995309
995310
995311
995312
995313
995314
995315
995316
995317
995318
995319
995320
995321
995322
995323
995324
995325
995326
995327
995328
995329
995330
995331
995332
995333
995334
995335
995336
995337
995338
995339
995340
995341
995342
995343
995344
995345
995346
995347
995348
995349
995350
995351
995352
995353
995354
995355
995356
995357
995358
995359
995360
995361
995362
995363
995364
995365
995366
995367
995368
995369
995370
995371
995372
995373
995374
995375
995376
995377
995378
995379
995380
995381
995382
995383
995384
995385
995386
995387
995388
995389
995390
995391
995392
995393
995394
995395
995396
995397
995398
995399
995400
995401
995402
995403
995404
995405
995406
995407
995408
995409
995410
995411
995412
995413
995414
995415
995416
995417
995418
995419
995420
995421
995422
995423
995424
995425
995426
995427
995428
995429
995430
995431
995432
995433
995434
995435
995436
995437
995438
995439
995440
995441
995442
995443
995444
995445
995446
995447
995448
995449
995450
995451
995452
995453
995454
995455
995456
995457
995458
995459
995460
995461
995462
995463
995464
995465
995466
995467
995468
995469
995470
995471
995472
995473
995474
995475
995476
995477
995478
995479
995480
995481
995482
995483
995484
995485
995486
995487
995488
995489
995490
995491
995492
995493
995494
995495
995496
995497
995498
995499
995500
995501
995502
995503
995504
995505
995506
995507
995508
995509
995510
995511
995512
995513
995514
995515
995516
995517
995518
995519
995520
995521
995522
995523
995524
995525
995526
995527
995528
995529
995530
995531
995532
995533
995534
995535
995536
995537
995538
995539
995540
995541
995542
995543
995544
995545
995546
995547
995548
995549
995550
995551
995552
995553
995554
995555
995556
995557
995558
995559
995560
995561
995562
995563
995564
995565
995566
995567
995568
995569
995570
995571
995572
995573
995574
995575
995576
995577
995578
995579
995580
995581
995582
995583
995584
995585
995586
995587
995588
995589
995590
995591
995592
995593
995594
995595
995596
995597
995598
995599
995600
995601
995602
995603
995604
995605
995606
995607
995608
995609
995610
995611
995612
995613
995614
995615
995616
995617
995618
995619
995620
995621
995622
995623
995624
995625
995626
995627
995628
995629
995630
995631
995632
995633
995634
995635
995636
995637
995638
995639
995640
995641
995642
995643
995644
995645
995646
995647
995648
995649
995650
995651
995652
995653
995654
995655
995656
995657
995658
995659
995660
995661
995662
995663
995664
995665
995666
995667
995668
995669
995670
995671
995672
995673
995674
995675
995676
995677
995678
995679
995680
995681
995682
995683
995684
995685
995686
995687
995688
995689
995690
995691
995692
995693
995694
995695
995696
995697
995698
995699
995700
995701
995702
995703
995704
995705
995706
995707
995708
995709
995710
995711
995712
995713
995714
995715
995716
995717
995718
995719
995720
995721
995722
995723
995724
995725
995726
995727
995728
995729
995730
995731
995732
995733
995734
995735
995736
995737
995738
995739
995740
995741
995742
995743
995744
995745
995746
995747
995748
995749
995750
995751
995752
995753
995754
995755
995756
995757
995758
995759
995760
995761
995762
995763
995764
995765
995766
995767
995768
995769
995770
995771
995772
995773
995774
995775
995776
995777
995778
995779
995780
995781
995782
995783
995784
995785
995786
995787
995788
995789
995790
995791
995792
995793
995794
995795
995796
995797
995798
995799
995800
995801
995802
995803
995804
995805
995806
995807
995808
995809
995810
995811
995812
995813
995814
995815
995816
995817
995818
995819
995820
995821
995822
995823
995824
995825
995826
995827
995828
995829
995830
995831
995832
995833
995834
995835
995836
995837
995838
995839
995840
995841
995842
995843
995844
995845
995846
995847
995848
995849
995850
995851
995852
995853
995854
995855
995856
995857
995858
995859
995860
995861
995862
995863
995864
995865
995866
995867
995868
995869
995870
995871
995872
995873
995874
995875
995876
995877
995878
995879
995880
995881
995882
995883
995884
995885
995886
995887
995888
995889
995890
995891
995892
995893
995894
995895
995896
995897
995898
995899
995900
995901
995902
995903
995904
995905
995906
995907
995908
995909
995910
995911
995912
995913
995914
995915
995916
995917
995918
995919
995920
995921
995922
995923
995924
995925
995926
995927
995928
995929
995930
995931
995932
995933
995934
995935
995936
995937
995938
995939
995940
995941
995942
995943
995944
995945
995946
995947
995948
995949
995950
995951
995952
995953
995954
995955
995956
995957
995958
995959
995960
995961
995962
995963
995964
995965
995966
995967
995968
995969
995970
995971
995972
995973
995974
995975
995976
995977
995978
995979
995980
995981
995982
995983
995984
995985
995986
995987
995988
995989
995990
995991
995992
995993
995994
995995
995996
995997
995998
995999
996000
996001
996002
996003
996004
996005
996006
996007
996008
996009
996010
996011
996012
996013
996014
996015
996016
996017
996018
996019
996020
996021
996022
996023
996024
996025
996026
996027
996028
996029
996030
996031
996032
996033
996034
996035
996036
996037
996038
996039
996040
996041
996042
996043
996044
996045
996046
996047
996048
996049
996050
996051
996052
996053
996054
996055
996056
996057
996058
996059
996060
996061
996062
996063
996064
996065
996066
996067
996068
996069
996070
996071
996072
996073
996074
996075
996076
996077
996078
996079
996080
996081
996082
996083
996084
996085
996086
996087
996088
996089
996090
996091
996092
996093
996094
996095
996096
996097
996098
996099
996100
996101
996102
996103
996104
996105
996106
996107
996108
996109
996110
996111
996112
996113
996114
996115
996116
996117
996118
996119
996120
996121
996122
996123
996124
996125
996126
996127
996128
996129
996130
996131
996132
996133
996134
996135
996136
996137
996138
996139
996140
996141
996142
996143
996144
996145
996146
996147
996148
996149
996150
996151
996152
996153
996154
996155
996156
996157
996158
996159
996160
996161
996162
996163
996164
996165
996166
996167
996168
996169
996170
996171
996172
996173
996174
996175
996176
996177
996178
996179
996180
996181
996182
996183
996184
996185
996186
996187
996188
996189
996190
996191
996192
996193
996194
996195
996196
996197
996198
996199
996200
996201
996202
996203
996204
996205
996206
996207
996208
996209
996210
996211
996212
996213
996214
996215
996216
996217
996218
996219
996220
996221
996222
996223
996224
996225
996226
996227
996228
996229
996230
996231
996232
996233
996234
996235
996236
996237
996238
996239
996240
996241
996242
996243
996244
996245
996246
996247
996248
996249
996250
996251
996252
996253
996254
996255
996256
996257
996258
996259
996260
996261
996262
996263
996264
996265
996266
996267
996268
996269
996270
996271
996272
996273
996274
996275
996276
996277
996278
996279
996280
996281
996282
996283
996284
996285
996286
996287
996288
996289
996290
996291
996292
996293
996294
996295
996296
996297
996298
996299
996300
996301
996302
996303
996304
996305
996306
996307
996308
996309
996310
996311
996312
996313
996314
996315
996316
996317
996318
996319
996320
996321
996322
996323
996324
996325
996326
996327
996328
996329
996330
996331
996332
996333
996334
996335
996336
996337
996338
996339
996340
996341
996342
996343
996344
996345
996346
996347
996348
996349
996350
996351
996352
996353
996354
996355
996356
996357
996358
996359
996360
996361
996362
996363
996364
996365
996366
996367
996368
996369
996370
996371
996372
996373
996374
996375
996376
996377
996378
996379
996380
996381
996382
996383
996384
996385
996386
996387
996388
996389
996390
996391
996392
996393
996394
996395
996396
996397
996398
996399
996400
996401
996402
996403
996404
996405
996406
996407
996408
996409
996410
996411
996412
996413
996414
996415
996416
996417
996418
996419
996420
996421
996422
996423
996424
996425
996426
996427
996428
996429
996430
996431
996432
996433
996434
996435
996436
996437
996438
996439
996440
996441
996442
996443
996444
996445
996446
996447
996448
996449
996450
996451
996452
996453
996454
996455
996456
996457
996458
996459
996460
996461
996462
996463
996464
996465
996466
996467
996468
996469
996470
996471
996472
996473
996474
996475
996476
996477
996478
996479
996480
996481
996482
996483
996484
996485
996486
996487
996488
996489
996490
996491
996492
996493
996494
996495
996496
996497
996498
996499
996500
996501
996502
996503
996504
996505
996506
996507
996508
996509
996510
996511
996512
996513
996514
996515
996516
996517
996518
996519
996520
996521
996522
996523
996524
996525
996526
996527
996528
996529
996530
996531
996532
996533
996534
996535
996536
996537
996538
996539
996540
996541
996542
996543
996544
996545
996546
996547
996548
996549
996550
996551
996552
996553
996554
996555
996556
996557
996558
996559
996560
996561
996562
996563
996564
996565
996566
996567
996568
996569
996570
996571
996572
996573
996574
996575
996576
996577
996578
996579
996580
996581
996582
996583
996584
996585
996586
996587
996588
996589
996590
996591
996592
996593
996594
996595
996596
996597
996598
996599
996600
996601
996602
996603
996604
996605
996606
996607
996608
996609
996610
996611
996612
996613
996614
996615
996616
996617
996618
996619
996620
996621
996622
996623
996624
996625
996626
996627
996628
996629
996630
996631
996632
996633
996634
996635
996636
996637
996638
996639
996640
996641
996642
996643
996644
996645
996646
996647
996648
996649
996650
996651
996652
996653
996654
996655
996656
996657
996658
996659
996660
996661
996662
996663
996664
996665
996666
996667
996668
996669
996670
996671
996672
996673
996674
996675
996676
996677
996678
996679
996680
996681
996682
996683
996684
996685
996686
996687
996688
996689
996690
996691
996692
996693
996694
996695
996696
996697
996698
996699
996700
996701
996702
996703
996704
996705
996706
996707
996708
996709
996710
996711
996712
996713
996714
996715
996716
996717
996718
996719
996720
996721
996722
996723
996724
996725
996726
996727
996728
996729
996730
996731
996732
996733
996734
996735
996736
996737
996738
996739
996740
996741
996742
996743
996744
996745
996746
996747
996748
996749
996750
996751
996752
996753
996754
996755
996756
996757
996758
996759
996760
996761
996762
996763
996764
996765
996766
996767
996768
996769
996770
996771
996772
996773
996774
996775
996776
996777
996778
996779
996780
996781
996782
996783
996784
996785
996786
996787
996788
996789
996790
996791
996792
996793
996794
996795
996796
996797
996798
996799
996800
996801
996802
996803
996804
996805
996806
996807
996808
996809
996810
996811
996812
996813
996814
996815
996816
996817
996818
996819
996820
996821
996822
996823
996824
996825
996826
996827
996828
996829
996830
996831
996832
996833
996834
996835
996836
996837
996838
996839
996840
996841
996842
996843
996844
996845
996846
996847
996848
996849
996850
996851
996852
996853
996854
996855
996856
996857
996858
996859
996860
996861
996862
996863
996864
996865
996866
996867
996868
996869
996870
996871
996872
996873
996874
996875
996876
996877
996878
996879
996880
996881
996882
996883
996884
996885
996886
996887
996888
996889
996890
996891
996892
996893
996894
996895
996896
996897
996898
996899
996900
996901
996902
996903
996904
996905
996906
996907
996908
996909
996910
996911
996912
996913
996914
996915
996916
996917
996918
996919
996920
996921
996922
996923
996924
996925
996926
996927
996928
996929
996930
996931
996932
996933
996934
996935
996936
996937
996938
996939
996940
996941
996942
996943
996944
996945
996946
996947
996948
996949
996950
996951
996952
996953
996954
996955
996956
996957
996958
996959
996960
996961
996962
996963
996964
996965
996966
996967
996968
996969
996970
996971
996972
996973
996974
996975
996976
996977
996978
996979
996980
996981
996982
996983
996984
996985
996986
996987
996988
996989
996990
996991
996992
996993
996994
996995
996996
996997
996998
996999
997000
997001
997002
997003
997004
997005
997006
997007
997008
997009
997010
997011
997012
997013
997014
997015
997016
997017
997018
997019
997020
997021
997022
997023
997024
997025
997026
997027
997028
997029
997030
997031
997032
997033
997034
997035
997036
997037
997038
997039
997040
997041
997042
997043
997044
997045
997046
997047
997048
997049
997050
997051
997052
997053
997054
997055
997056
997057
997058
997059
997060
997061
997062
997063
997064
997065
997066
997067
997068
997069
997070
997071
997072
997073
997074
997075
997076
997077
997078
997079
997080
997081
997082
997083
997084
997085
997086
997087
997088
997089
997090
997091
997092
997093
997094
997095
997096
997097
997098
997099
997100
997101
997102
997103
997104
997105
997106
997107
997108
997109
997110
997111
997112
997113
997114
997115
997116
997117
997118
997119
997120
997121
997122
997123
997124
997125
997126
997127
997128
997129
997130
997131
997132
997133
997134
997135
997136
997137
997138
997139
997140
997141
997142
997143
997144
997145
997146
997147
997148
997149
997150
997151
997152
997153
997154
997155
997156
997157
997158
997159
997160
997161
997162
997163
997164
997165
997166
997167
997168
997169
997170
997171
997172
997173
997174
997175
997176
997177
997178
997179
997180
997181
997182
997183
997184
997185
997186
997187
997188
997189
997190
997191
997192
997193
997194
997195
997196
997197
997198
997199
997200
997201
997202
997203
997204
997205
997206
997207
997208
997209
997210
997211
997212
997213
997214
997215
997216
997217
997218
997219
997220
997221
997222
997223
997224
997225
997226
997227
997228
997229
997230
997231
997232
997233
997234
997235
997236
997237
997238
997239
997240
997241
997242
997243
997244
997245
997246
997247
997248
997249
997250
997251
997252
997253
997254
997255
997256
997257
997258
997259
997260
997261
997262
997263
997264
997265
997266
997267
997268
997269
997270
997271
997272
997273
997274
997275
997276
997277
997278
997279
997280
997281
997282
997283
997284
997285
997286
997287
997288
997289
997290
997291
997292
997293
997294
997295
997296
997297
997298
997299
997300
997301
997302
997303
997304
997305
997306
997307
997308
997309
997310
997311
997312
997313
997314
997315
997316
997317
997318
997319
997320
997321
997322
997323
997324
997325
997326
997327
997328
997329
997330
997331
997332
997333
997334
997335
997336
997337
997338
997339
997340
997341
997342
997343
997344
997345
997346
997347
997348
997349
997350
997351
997352
997353
997354
997355
997356
997357
997358
997359
997360
997361
997362
997363
997364
997365
997366
997367
997368
997369
997370
997371
997372
997373
997374
997375
997376
997377
997378
997379
997380
997381
997382
997383
997384
997385
997386
997387
997388
997389
997390
997391
997392
997393
997394
997395
997396
997397
997398
997399
997400
997401
997402
997403
997404
997405
997406
997407
997408
997409
997410
997411
997412
997413
997414
997415
997416
997417
997418
997419
997420
997421
997422
997423
997424
997425
997426
997427
997428
997429
997430
997431
997432
997433
997434
997435
997436
997437
997438
997439
997440
997441
997442
997443
997444
997445
997446
997447
997448
997449
997450
997451
997452
997453
997454
997455
997456
997457
997458
997459
997460
997461
997462
997463
997464
997465
997466
997467
997468
997469
997470
997471
997472
997473
997474
997475
997476
997477
997478
997479
997480
997481
997482
997483
997484
997485
997486
997487
997488
997489
997490
997491
997492
997493
997494
997495
997496
997497
997498
997499
997500
997501
997502
997503
997504
997505
997506
997507
997508
997509
997510
997511
997512
997513
997514
997515
997516
997517
997518
997519
997520
997521
997522
997523
997524
997525
997526
997527
997528
997529
997530
997531
997532
997533
997534
997535
997536
997537
997538
997539
997540
997541
997542
997543
997544
997545
997546
997547
997548
997549
997550
997551
997552
997553
997554
997555
997556
997557
997558
997559
997560
997561
997562
997563
997564
997565
997566
997567
997568
997569
997570
997571
997572
997573
997574
997575
997576
997577
997578
997579
997580
997581
997582
997583
997584
997585
997586
997587
997588
997589
997590
997591
997592
997593
997594
997595
997596
997597
997598
997599
997600
997601
997602
997603
997604
997605
997606
997607
997608
997609
997610
997611
997612
997613
997614
997615
997616
997617
997618
997619
997620
997621
997622
997623
997624
997625
997626
997627
997628
997629
997630
997631
997632
997633
997634
997635
997636
997637
997638
997639
997640
997641
997642
997643
997644
997645
997646
997647
997648
997649
997650
997651
997652
997653
997654
997655
997656
997657
997658
997659
997660
997661
997662
997663
997664
997665
997666
997667
997668
997669
997670
997671
997672
997673
997674
997675
997676
997677
997678
997679
997680
997681
997682
997683
997684
997685
997686
997687
997688
997689
997690
997691
997692
997693
997694
997695
997696
997697
997698
997699
997700
997701
997702
997703
997704
997705
997706
997707
997708
997709
997710
997711
997712
997713
997714
997715
997716
997717
997718
997719
997720
997721
997722
997723
997724
997725
997726
997727
997728
997729
997730
997731
997732
997733
997734
997735
997736
997737
997738
997739
997740
997741
997742
997743
997744
997745
997746
997747
997748
997749
997750
997751
997752
997753
997754
997755
997756
997757
997758
997759
997760
997761
997762
997763
997764
997765
997766
997767
997768
997769
997770
997771
997772
997773
997774
997775
997776
997777
997778
997779
997780
997781
997782
997783
997784
997785
997786
997787
997788
997789
997790
997791
997792
997793
997794
997795
997796
997797
997798
997799
997800
997801
997802
997803
997804
997805
997806
997807
997808
997809
997810
997811
997812
997813
997814
997815
997816
997817
997818
997819
997820
997821
997822
997823
997824
997825
997826
997827
997828
997829
997830
997831
997832
997833
997834
997835
997836
997837
997838
997839
997840
997841
997842
997843
997844
997845
997846
997847
997848
997849
997850
997851
997852
997853
997854
997855
997856
997857
997858
997859
997860
997861
997862
997863
997864
997865
997866
997867
997868
997869
997870
997871
997872
997873
997874
997875
997876
997877
997878
997879
997880
997881
997882
997883
997884
997885
997886
997887
997888
997889
997890
997891
997892
997893
997894
997895
997896
997897
997898
997899
997900
997901
997902
997903
997904
997905
997906
997907
997908
997909
997910
997911
997912
997913
997914
997915
997916
997917
997918
997919
997920
997921
997922
997923
997924
997925
997926
997927
997928
997929
997930
997931
997932
997933
997934
997935
997936
997937
997938
997939
997940
997941
997942
997943
997944
997945
997946
997947
997948
997949
997950
997951
997952
997953
997954
997955
997956
997957
997958
997959
997960
997961
997962
997963
997964
997965
997966
997967
997968
997969
997970
997971
997972
997973
997974
997975
997976
997977
997978
997979
997980
997981
997982
997983
997984
997985
997986
997987
997988
997989
997990
997991
997992
997993
997994
997995
997996
997997
997998
997999
998000
998001
998002
998003
998004
998005
998006
998007
998008
998009
998010
998011
998012
998013
998014
998015
998016
998017
998018
998019
998020
998021
998022
998023
998024
998025
998026
998027
998028
998029
998030
998031
998032
998033
998034
998035
998036
998037
998038
998039
998040
998041
998042
998043
998044
998045
998046
998047
998048
998049
998050
998051
998052
998053
998054
998055
998056
998057
998058
998059
998060
998061
998062
998063
998064
998065
998066
998067
998068
998069
998070
998071
998072
998073
998074
998075
998076
998077
998078
998079
998080
998081
998082
998083
998084
998085
998086
998087
998088
998089
998090
998091
998092
998093
998094
998095
998096
998097
998098
998099
998100
998101
998102
998103
998104
998105
998106
998107
998108
998109
998110
998111
998112
998113
998114
998115
998116
998117
998118
998119
998120
998121
998122
998123
998124
998125
998126
998127
998128
998129
998130
998131
998132
998133
998134
998135
998136
998137
998138
998139
998140
998141
998142
998143
998144
998145
998146
998147
998148
998149
998150
998151
998152
998153
998154
998155
998156
998157
998158
998159
998160
998161
998162
998163
998164
998165
998166
998167
998168
998169
998170
998171
998172
998173
998174
998175
998176
998177
998178
998179
998180
998181
998182
998183
998184
998185
998186
998187
998188
998189
998190
998191
998192
998193
998194
998195
998196
998197
998198
998199
998200
998201
998202
998203
998204
998205
998206
998207
998208
998209
998210
998211
998212
998213
998214
998215
998216
998217
998218
998219
998220
998221
998222
998223
998224
998225
998226
998227
998228
998229
998230
998231
998232
998233
998234
998235
998236
998237
998238
998239
998240
998241
998242
998243
998244
998245
998246
998247
998248
998249
998250
998251
998252
998253
998254
998255
998256
998257
998258
998259
998260
998261
998262
998263
998264
998265
998266
998267
998268
998269
998270
998271
998272
998273
998274
998275
998276
998277
998278
998279
998280
998281
998282
998283
998284
998285
998286
998287
998288
998289
998290
998291
998292
998293
998294
998295
998296
998297
998298
998299
998300
998301
998302
998303
998304
998305
998306
998307
998308
998309
998310
998311
998312
998313
998314
998315
998316
998317
998318
998319
998320
998321
998322
998323
998324
998325
998326
998327
998328
998329
998330
998331
998332
998333
998334
998335
998336
998337
998338
998339
998340
998341
998342
998343
998344
998345
998346
998347
998348
998349
998350
998351
998352
998353
998354
998355
998356
998357
998358
998359
998360
998361
998362
998363
998364
998365
998366
998367
998368
998369
998370
998371
998372
998373
998374
998375
998376
998377
998378
998379
998380
998381
998382
998383
998384
998385
998386
998387
998388
998389
998390
998391
998392
998393
998394
998395
998396
998397
998398
998399
998400
998401
998402
998403
998404
998405
998406
998407
998408
998409
998410
998411
998412
998413
998414
998415
998416
998417
998418
998419
998420
998421
998422
998423
998424
998425
998426
998427
998428
998429
998430
998431
998432
998433
998434
998435
998436
998437
998438
998439
998440
998441
998442
998443
998444
998445
998446
998447
998448
998449
998450
998451
998452
998453
998454
998455
998456
998457
998458
998459
998460
998461
998462
998463
998464
998465
998466
998467
998468
998469
998470
998471
998472
998473
998474
998475
998476
998477
998478
998479
998480
998481
998482
998483
998484
998485
998486
998487
998488
998489
998490
998491
998492
998493
998494
998495
998496
998497
998498
998499
998500
998501
998502
998503
998504
998505
998506
998507
998508
998509
998510
998511
998512
998513
998514
998515
998516
998517
998518
998519
998520
998521
998522
998523
998524
998525
998526
998527
998528
998529
998530
998531
998532
998533
998534
998535
998536
998537
998538
998539
998540
998541
998542
998543
998544
998545
998546
998547
998548
998549
998550
998551
998552
998553
998554
998555
998556
998557
998558
998559
998560
998561
998562
998563
998564
998565
998566
998567
998568
998569
998570
998571
998572
998573
998574
998575
998576
998577
998578
998579
998580
998581
998582
998583
998584
998585
998586
998587
998588
998589
998590
998591
998592
998593
998594
998595
998596
998597
998598
998599
998600
998601
998602
998603
998604
998605
998606
998607
998608
998609
998610
998611
998612
998613
998614
998615
998616
998617
998618
998619
998620
998621
998622
998623
998624
998625
998626
998627
998628
998629
998630
998631
998632
998633
998634
998635
998636
998637
998638
998639
998640
998641
998642
998643
998644
998645
998646
998647
998648
998649
998650
998651
998652
998653
998654
998655
998656
998657
998658
998659
998660
998661
998662
998663
998664
998665
998666
998667
998668
998669
998670
998671
998672
998673
998674
998675
998676
998677
998678
998679
998680
998681
998682
998683
998684
998685
998686
998687
998688
998689
998690
998691
998692
998693
998694
998695
998696
998697
998698
998699
998700
998701
998702
998703
998704
998705
998706
998707
998708
998709
998710
998711
998712
998713
998714
998715
998716
998717
998718
998719
998720
998721
998722
998723
998724
998725
998726
998727
998728
998729
998730
998731
998732
998733
998734
998735
998736
998737
998738
998739
998740
998741
998742
998743
998744
998745
998746
998747
998748
998749
998750
998751
998752
998753
998754
998755
998756
998757
998758
998759
998760
998761
998762
998763
998764
998765
998766
998767
998768
998769
998770
998771
998772
998773
998774
998775
998776
998777
998778
998779
998780
998781
998782
998783
998784
998785
998786
998787
998788
998789
998790
998791
998792
998793
998794
998795
998796
998797
998798
998799
998800
998801
998802
998803
998804
998805
998806
998807
998808
998809
998810
998811
998812
998813
998814
998815
998816
998817
998818
998819
998820
998821
998822
998823
998824
998825
998826
998827
998828
998829
998830
998831
998832
998833
998834
998835
998836
998837
998838
998839
998840
998841
998842
998843
998844
998845
998846
998847
998848
998849
998850
998851
998852
998853
998854
998855
998856
998857
998858
998859
998860
998861
998862
998863
998864
998865
998866
998867
998868
998869
998870
998871
998872
998873
998874
998875
998876
998877
998878
998879
998880
998881
998882
998883
998884
998885
998886
998887
998888
998889
998890
998891
998892
998893
998894
998895
998896
998897
998898
998899
998900
998901
998902
998903
998904
998905
998906
998907
998908
998909
998910
998911
998912
998913
998914
998915
998916
998917
998918
998919
998920
998921
998922
998923
998924
998925
998926
998927
998928
998929
998930
998931
998932
998933
998934
998935
998936
998937
998938
998939
998940
998941
998942
998943
998944
998945
998946
998947
998948
998949
998950
998951
998952
998953
998954
998955
998956
998957
998958
998959
998960
998961
998962
998963
998964
998965
998966
998967
998968
998969
998970
998971
998972
998973
998974
998975
998976
998977
998978
998979
998980
998981
998982
998983
998984
998985
998986
998987
998988
998989
998990
998991
998992
998993
998994
998995
998996
998997
998998
998999
999000
999001
999002
999003
999004
999005
999006
999007
999008
999009
999010
999011
999012
999013
999014
999015
999016
999017
999018
999019
999020
999021
999022
999023
999024
999025
999026
999027
999028
999029
999030
999031
999032
999033
999034
999035
999036
999037
999038
999039
999040
999041
999042
999043
999044
999045
999046
999047
999048
999049
999050
999051
999052
999053
999054
999055
999056
999057
999058
999059
999060
999061
999062
999063
999064
999065
999066
999067
999068
999069
999070
999071
999072
999073
999074
999075
999076
999077
999078
999079
999080
999081
999082
999083
999084
999085
999086
999087
999088
999089
999090
999091
999092
999093
999094
999095
999096
999097
999098
999099
999100
999101
999102
999103
999104
999105
999106
999107
999108
999109
999110
999111
999112
999113
999114
999115
999116
999117
999118
999119
999120
999121
999122
999123
999124
999125
999126
999127
999128
999129
999130
999131
999132
999133
999134
999135
999136
999137
999138
999139
999140
999141
999142
999143
999144
999145
999146
999147
999148
999149
999150
999151
999152
999153
999154
999155
999156
999157
999158
999159
999160
999161
999162
999163
999164
999165
999166
999167
999168
999169
999170
999171
999172
999173
999174
999175
999176
999177
999178
999179
999180
999181
999182
999183
999184
999185
999186
999187
999188
999189
999190
999191
999192
999193
999194
999195
999196
999197
999198
999199
999200
999201
999202
999203
999204
999205
999206
999207
999208
999209
999210
999211
999212
999213
999214
999215
999216
999217
999218
999219
999220
999221
999222
999223
999224
999225
999226
999227
999228
999229
999230
999231
999232
999233
999234
999235
999236
999237
999238
999239
999240
999241
999242
999243
999244
999245
999246
999247
999248
999249
999250
999251
999252
999253
999254
999255
999256
999257
999258
999259
999260
999261
999262
999263
999264
999265
999266
999267
999268
999269
999270
999271
999272
999273
999274
999275
999276
999277
999278
999279
999280
999281
999282
999283
999284
999285
999286
999287
999288
999289
999290
999291
999292
999293
999294
999295
999296
999297
999298
999299
999300
999301
999302
999303
999304
999305
999306
999307
999308
999309
999310
999311
999312
999313
999314
999315
999316
999317
999318
999319
999320
999321
999322
999323
999324
999325
999326
999327
999328
999329
999330
999331
999332
999333
999334
999335
999336
999337
999338
999339
999340
999341
999342
999343
999344
999345
999346
999347
999348
999349
999350
999351
999352
999353
999354
999355
999356
999357
999358
999359
999360
999361
999362
999363
999364
999365
999366
999367
999368
999369
999370
999371
999372
999373
999374
999375
999376
999377
999378
999379
999380
999381
999382
999383
999384
999385
999386
999387
999388
999389
999390
999391
999392
999393
999394
999395
999396
999397
999398
999399
999400
999401
999402
999403
999404
999405
999406
999407
999408
999409
999410
999411
999412
999413
999414
999415
999416
999417
999418
999419
999420
999421
999422
999423
999424
999425
999426
999427
999428
999429
999430
999431
999432
999433
999434
999435
999436
999437
999438
999439
999440
999441
999442
999443
999444
999445
999446
999447
999448
999449
999450
999451
999452
999453
999454
999455
999456
999457
999458
999459
999460
999461
999462
999463
999464
999465
999466
999467
999468
999469
999470
999471
999472
999473
999474
999475
999476
999477
999478
999479
999480
999481
999482
999483
999484
999485
999486
999487
999488
999489
999490
999491
999492
999493
999494
999495
999496
999497
999498
999499
999500
999501
999502
999503
999504
999505
999506
999507
999508
999509
999510
999511
999512
999513
999514
999515
999516
999517
999518
999519
999520
999521
999522
999523
999524
999525
999526
999527
999528
999529
999530
999531
999532
999533
999534
999535
999536
999537
999538
999539
999540
999541
999542
999543
999544
999545
999546
999547
999548
999549
999550
999551
999552
999553
999554
999555
999556
999557
999558
999559
999560
999561
999562
999563
999564
999565
999566
999567
999568
999569
999570
999571
999572
999573
999574
999575
999576
999577
999578
999579
999580
999581
999582
999583
999584
999585
999586
999587
999588
999589
999590
999591
999592
999593
999594
999595
999596
999597
999598
999599
999600
999601
999602
999603
999604
999605
999606
999607
999608
999609
999610
999611
999612
999613
999614
999615
999616
999617
999618
999619
999620
999621
999622
999623
999624
999625
999626
999627
999628
999629
999630
999631
999632
999633
999634
999635
999636
999637
999638
999639
999640
999641
999642
999643
999644
999645
999646
999647
999648
999649
999650
999651
999652
999653
999654
999655
999656
999657
999658
999659
999660
999661
999662
999663
999664
999665
999666
999667
999668
999669
999670
999671
999672
999673
999674
999675
999676
999677
999678
999679
999680
999681
999682
999683
999684
999685
999686
999687
999688
999689
999690
999691
999692
999693
999694
999695
999696
999697
999698
999699
999700
999701
999702
999703
999704
999705
999706
999707
999708
999709
999710
999711
999712
999713
999714
999715
999716
999717
999718
999719
999720
999721
999722
999723
999724
999725
999726
999727
999728
999729
999730
999731
999732
999733
999734
999735
999736
999737
999738
999739
999740
999741
999742
999743
999744
999745
999746
999747
999748
999749
999750
999751
999752
999753
999754
999755
999756
999757
999758
999759
999760
999761
999762
999763
999764
999765
999766
999767
999768
999769
999770
999771
999772
999773
999774
999775
999776
999777
999778
999779
999780
999781
999782
999783
999784
999785
999786
999787
999788
999789
999790
999791
999792
999793
999794
999795
999796
999797
999798
999799
999800
999801
999802
999803
999804
999805
999806
999807
999808
999809
999810
999811
999812
999813
999814
999815
999816
999817
999818
999819
999820
999821
999822
999823
999824
999825
999826
999827
999828
999829
999830
999831
999832
999833
999834
999835
999836
999837
999838
999839
999840
999841
999842
999843
999844
999845
999846
999847
999848
999849
999850
999851
999852
999853
999854
999855
999856
999857
999858
999859
999860
999861
999862
999863
999864
999865
999866
999867
999868
999869
999870
999871
999872
999873
999874
999875
999876
999877
999878
999879
999880
999881
999882
999883
999884
999885
999886
999887
999888
999889
999890
999891
999892
999893
999894
999895
999896
999897
999898
999899
999900
999901
999902
999903
999904
999905
999906
999907
999908
999909
999910
999911
999912
999913
999914
999915
999916
999917
999918
999919
999920
999921
999922
999923
999924
999925
999926
999927
999928
999929
999930
999931
999932
999933
999934
999935
999936
999937
999938
999939
999940
999941
999942
999943
999944
999945
999946
999947
999948
999949
999950
999951
999952
999953
999954
999955
999956
999957
999958
999959
999960
999961
999962
999963
999964
999965
999966
999967
999968
999969
999970
999971
999972
999973
999974
999975
999976
999977
999978
999979
999980
999981
999982
999983
999984
999985
999986
999987
999988
999989
999990
999991
999992
999993
999994
999995
999996
999997
999998
999999
1000000
1000001
1000002
1000003
1000004
1000005
1000006
1000007
1000008
1000009
1000010
1000011
1000012
1000013
1000014
1000015
1000016
1000017
1000018
1000019
1000020
1000021
1000022
1000023
1000024
1000025
1000026
1000027
1000028
1000029
1000030
1000031
1000032
1000033
1000034
1000035
1000036
1000037
1000038
1000039
1000040
1000041
1000042
1000043
1000044
1000045
1000046
1000047
1000048
1000049
1000050
1000051
1000052
1000053
1000054
1000055
1000056
1000057
1000058
1000059
1000060
1000061
1000062
1000063
1000064
1000065
1000066
1000067
1000068
1000069
1000070
1000071
1000072
1000073
1000074
1000075
1000076
1000077
1000078
1000079
1000080
1000081
1000082
1000083
1000084
1000085
1000086
1000087
1000088
1000089
1000090
1000091
1000092
1000093
1000094
1000095
1000096
1000097
1000098
1000099
1000100
1000101
1000102
1000103
1000104
1000105
1000106
1000107
1000108
1000109
1000110
1000111
1000112
1000113
1000114
1000115
1000116
1000117
1000118
1000119
1000120
1000121
1000122
1000123
1000124
1000125
1000126
1000127
1000128
1000129
1000130
1000131
1000132
1000133
1000134
1000135
1000136
1000137
1000138
1000139
1000140
1000141
1000142
1000143
1000144
1000145
1000146
1000147
1000148
1000149
1000150
1000151
1000152
1000153
1000154
1000155
1000156
1000157
1000158
1000159
1000160
1000161
1000162
1000163
1000164
1000165
1000166
1000167
1000168
1000169
1000170
1000171
1000172
1000173
1000174
1000175
1000176
1000177
1000178
1000179
1000180
1000181
1000182
1000183
1000184
1000185
1000186
1000187
1000188
1000189
1000190
1000191
1000192
1000193
1000194
1000195
1000196
1000197
1000198
1000199
1000200
1000201
1000202
1000203
1000204
1000205
1000206
1000207
1000208
1000209
1000210
1000211
1000212
1000213
1000214
1000215
1000216
1000217
1000218
1000219
1000220
1000221
1000222
1000223
1000224
1000225
1000226
1000227
1000228
1000229
1000230
1000231
1000232
1000233
1000234
1000235
1000236
1000237
1000238
1000239
1000240
1000241
1000242
1000243
1000244
1000245
1000246
1000247
1000248
1000249
1000250
1000251
1000252
1000253
1000254
1000255
1000256
1000257
1000258
1000259
1000260
1000261
1000262
1000263
1000264
1000265
1000266
1000267
1000268
1000269
1000270
1000271
1000272
1000273
1000274
1000275
1000276
1000277
1000278
1000279
1000280
1000281
1000282
1000283
1000284
1000285
1000286
1000287
1000288
1000289
1000290
1000291
1000292
1000293
1000294
1000295
1000296
1000297
1000298
1000299
1000300
1000301
1000302
1000303
1000304
1000305
1000306
1000307
1000308
1000309
1000310
1000311
1000312
1000313
1000314
1000315
1000316
1000317
1000318
1000319
1000320
1000321
1000322
1000323
1000324
1000325
1000326
1000327
1000328
1000329
1000330
1000331
1000332
1000333
1000334
1000335
1000336
1000337
1000338
1000339
1000340
1000341
1000342
1000343
1000344
1000345
1000346
1000347
1000348
1000349
1000350
1000351
1000352
1000353
1000354
1000355
1000356
1000357
1000358
1000359
1000360
1000361
1000362
1000363
1000364
1000365
1000366
1000367
1000368
1000369
1000370
1000371
1000372
1000373
1000374
1000375
1000376
1000377
1000378
1000379
1000380
1000381
1000382
1000383
1000384
1000385
1000386
1000387
1000388
1000389
1000390
1000391
1000392
1000393
1000394
1000395
1000396
1000397
1000398
1000399
1000400
1000401
1000402
1000403
1000404
1000405
1000406
1000407
1000408
1000409
1000410
1000411
1000412
1000413
1000414
1000415
1000416
1000417
1000418
1000419
1000420
1000421
1000422
1000423
1000424
1000425
1000426
1000427
1000428
1000429
1000430
1000431
1000432
1000433
1000434
1000435
1000436
1000437
1000438
1000439
1000440
1000441
1000442
1000443
1000444
1000445
1000446
1000447
1000448
1000449
1000450
1000451
1000452
1000453
1000454
1000455
1000456
1000457
1000458
1000459
1000460
1000461
1000462
1000463
1000464
1000465
1000466
1000467
1000468
1000469
1000470
1000471
1000472
1000473
1000474
1000475
1000476
1000477
1000478
1000479
1000480
1000481
1000482
1000483
1000484
1000485
1000486
1000487
1000488
1000489
1000490
1000491
1000492
1000493
1000494
1000495
1000496
1000497
1000498
1000499
1000500
1000501
1000502
1000503
1000504
1000505
1000506
1000507
1000508
1000509
1000510
1000511
1000512
1000513
1000514
1000515
1000516
1000517
1000518
1000519
1000520
1000521
1000522
1000523
1000524
1000525
1000526
1000527
1000528
1000529
1000530
1000531
1000532
1000533
1000534
1000535
1000536
1000537
1000538
1000539
1000540
1000541
1000542
1000543
1000544
1000545
1000546
1000547
1000548
1000549
1000550
1000551
1000552
1000553
1000554
1000555
1000556
1000557
1000558
1000559
1000560
1000561
1000562
1000563
1000564
1000565
1000566
1000567
1000568
1000569
1000570
1000571
1000572
1000573
1000574
1000575
1000576
1000577
1000578
1000579
1000580
1000581
1000582
1000583
1000584
1000585
1000586
1000587
1000588
1000589
1000590
1000591
1000592
1000593
1000594
1000595
1000596
1000597
1000598
1000599
1000600
1000601
1000602
1000603
1000604
1000605
1000606
1000607
1000608
1000609
1000610
1000611
1000612
1000613
1000614
1000615
1000616
1000617
1000618
1000619
1000620
1000621
1000622
1000623
1000624
1000625
1000626
1000627
1000628
1000629
1000630
1000631
1000632
1000633
1000634
1000635
1000636
1000637
1000638
1000639
1000640
1000641
1000642
1000643
1000644
1000645
1000646
1000647
1000648
1000649
1000650
1000651
1000652
1000653
1000654
1000655
1000656
1000657
1000658
1000659
1000660
1000661
1000662
1000663
1000664
1000665
1000666
1000667
1000668
1000669
1000670
1000671
1000672
1000673
1000674
1000675
1000676
1000677
1000678
1000679
1000680
1000681
1000682
1000683
1000684
1000685
1000686
1000687
1000688
1000689
1000690
1000691
1000692
1000693
1000694
1000695
1000696
1000697
1000698
1000699
1000700
1000701
1000702
1000703
1000704
1000705
1000706
1000707
1000708
1000709
1000710
1000711
1000712
1000713
1000714
1000715
1000716
1000717
1000718
1000719
1000720
1000721
1000722
1000723
1000724
1000725
1000726
1000727
1000728
1000729
1000730
1000731
1000732
1000733
1000734
1000735
1000736
1000737
1000738
1000739
1000740
1000741
1000742
1000743
1000744
1000745
1000746
1000747
1000748
1000749
1000750
1000751
1000752
1000753
1000754
1000755
1000756
1000757
1000758
1000759
1000760
1000761
1000762
1000763
1000764
1000765
1000766
1000767
1000768
1000769
1000770
1000771
1000772
1000773
1000774
1000775
1000776
1000777
1000778
1000779
1000780
1000781
1000782
1000783
1000784
1000785
1000786
1000787
1000788
1000789
1000790
1000791
1000792
1000793
1000794
1000795
1000796
1000797
1000798
1000799
1000800
1000801
1000802
1000803
1000804
1000805
1000806
1000807
1000808
1000809
1000810
1000811
1000812
1000813
1000814
1000815
1000816
1000817
1000818
1000819
1000820
1000821
1000822
1000823
1000824
1000825
1000826
1000827
1000828
1000829
1000830
1000831
1000832
1000833
1000834
1000835
1000836
1000837
1000838
1000839
1000840
1000841
1000842
1000843
1000844
1000845
1000846
1000847
1000848
1000849
1000850
1000851
1000852
1000853
1000854
1000855
1000856
1000857
1000858
1000859
1000860
1000861
1000862
1000863
1000864
1000865
1000866
1000867
1000868
1000869
1000870
1000871
1000872
1000873
1000874
1000875
1000876
1000877
1000878
1000879
1000880
1000881
1000882
1000883
1000884
1000885
1000886
1000887
1000888
1000889
1000890
1000891
1000892
1000893
1000894
1000895
1000896
1000897
1000898
1000899
1000900
1000901
1000902
1000903
1000904
1000905
1000906
1000907
1000908
1000909
1000910
1000911
1000912
1000913
1000914
1000915
1000916
1000917
1000918
1000919
1000920
1000921
1000922
1000923
1000924
1000925
1000926
1000927
1000928
1000929
1000930
1000931
1000932
1000933
1000934
1000935
1000936
1000937
1000938
1000939
1000940
1000941
1000942
1000943
1000944
1000945
1000946
1000947
1000948
1000949
1000950
1000951
1000952
1000953
1000954
1000955
1000956
1000957
1000958
1000959
1000960
1000961
1000962
1000963
1000964
1000965
1000966
1000967
1000968
1000969
1000970
1000971
1000972
1000973
1000974
1000975
1000976
1000977
1000978
1000979
1000980
1000981
1000982
1000983
1000984
1000985
1000986
1000987
1000988
1000989
1000990
1000991
1000992
1000993
1000994
1000995
1000996
1000997
1000998
1000999
1001000
1001001
1001002
1001003
1001004
1001005
1001006
1001007
1001008
1001009
1001010
1001011
1001012
1001013
1001014
1001015
1001016
1001017
1001018
1001019
1001020
1001021
1001022
1001023
1001024
1001025
1001026
1001027
1001028
1001029
1001030
1001031
1001032
1001033
1001034
1001035
1001036
1001037
1001038
1001039
1001040
1001041
1001042
1001043
1001044
1001045
1001046
1001047
1001048
1001049
1001050
1001051
1001052
1001053
1001054
1001055
1001056
1001057
1001058
1001059
1001060
1001061
1001062
1001063
1001064
1001065
1001066
1001067
1001068
1001069
1001070
1001071
1001072
1001073
1001074
1001075
1001076
1001077
1001078
1001079
1001080
1001081
1001082
1001083
1001084
1001085
1001086
1001087
1001088
1001089
1001090
1001091
1001092
1001093
1001094
1001095
1001096
1001097
1001098
1001099
1001100
1001101
1001102
1001103
1001104
1001105
1001106
1001107
1001108
1001109
1001110
1001111
1001112
1001113
1001114
1001115
1001116
1001117
1001118
1001119
1001120
1001121
1001122
1001123
1001124
1001125
1001126
1001127
1001128
1001129
1001130
1001131
1001132
1001133
1001134
1001135
1001136
1001137
1001138
1001139
1001140
1001141
1001142
1001143
1001144
1001145
1001146
1001147
1001148
1001149
1001150
1001151
1001152
1001153
1001154
1001155
1001156
1001157
1001158
1001159
1001160
1001161
1001162
1001163
1001164
1001165
1001166
1001167
1001168
1001169
1001170
1001171
1001172
1001173
1001174
1001175
1001176
1001177
1001178
1001179
1001180
1001181
1001182
1001183
1001184
1001185
1001186
1001187
1001188
1001189
1001190
1001191
1001192
1001193
1001194
1001195
1001196
1001197
1001198
1001199
1001200
1001201
1001202
1001203
1001204
1001205
1001206
1001207
1001208
1001209
1001210
1001211
1001212
1001213
1001214
1001215
1001216
1001217
1001218
1001219
1001220
1001221
1001222
1001223
1001224
1001225
1001226
1001227
1001228
1001229
1001230
1001231
1001232
1001233
1001234
1001235
1001236
1001237
1001238
1001239
1001240
1001241
1001242
1001243
1001244
1001245
1001246
1001247
1001248
1001249
1001250
1001251
1001252
1001253
1001254
1001255
1001256
1001257
1001258
1001259
1001260
1001261
1001262
1001263
1001264
1001265
1001266
1001267
1001268
1001269
1001270
1001271
1001272
1001273
1001274
1001275
1001276
1001277
1001278
1001279
1001280
1001281
1001282
1001283
1001284
1001285
1001286
1001287
1001288
1001289
1001290
1001291
1001292
1001293
1001294
1001295
1001296
1001297
1001298
1001299
1001300
1001301
1001302
1001303
1001304
1001305
1001306
1001307
1001308
1001309
1001310
1001311
1001312
1001313
1001314
1001315
1001316
1001317
1001318
1001319
1001320
1001321
1001322
1001323
1001324
1001325
1001326
1001327
1001328
1001329
1001330
1001331
1001332
1001333
1001334
1001335
1001336
1001337
1001338
1001339
1001340
1001341
1001342
1001343
1001344
1001345
1001346
1001347
1001348
1001349
1001350
1001351
1001352
1001353
1001354
1001355
1001356
1001357
1001358
1001359
1001360
1001361
1001362
1001363
1001364
1001365
1001366
1001367
1001368
1001369
1001370
1001371
1001372
1001373
1001374
1001375
1001376
1001377
1001378
1001379
1001380
1001381
1001382
1001383
1001384
1001385
1001386
1001387
1001388
1001389
1001390
1001391
1001392
1001393
1001394
1001395
1001396
1001397
1001398
1001399
1001400
1001401
1001402
1001403
1001404
1001405
1001406
1001407
1001408
1001409
1001410
1001411
1001412
1001413
1001414
1001415
1001416
1001417
1001418
1001419
1001420
1001421
1001422
1001423
1001424
1001425
1001426
1001427
1001428
1001429
1001430
1001431
1001432
1001433
1001434
1001435
1001436
1001437
1001438
1001439
1001440
1001441
1001442
1001443
1001444
1001445
1001446
1001447
1001448
1001449
1001450
1001451
1001452
1001453
1001454
1001455
1001456
1001457
1001458
1001459
1001460
1001461
1001462
1001463
1001464
1001465
1001466
1001467
1001468
1001469
1001470
1001471
1001472
1001473
1001474
1001475
1001476
1001477
1001478
1001479
1001480
1001481
1001482
1001483
1001484
1001485
1001486
1001487
1001488
1001489
1001490
1001491
1001492
1001493
1001494
1001495
1001496
1001497
1001498
1001499
1001500
1001501
1001502
1001503
1001504
1001505
1001506
1001507
1001508
1001509
1001510
1001511
1001512
1001513
1001514
1001515
1001516
1001517
1001518
1001519
1001520
1001521
1001522
1001523
1001524
1001525
1001526
1001527
1001528
1001529
1001530
1001531
1001532
1001533
1001534
1001535
1001536
1001537
1001538
1001539
1001540
1001541
1001542
1001543
1001544
1001545
1001546
1001547
1001548
1001549
1001550
1001551
1001552
1001553
1001554
1001555
1001556
1001557
1001558
1001559
1001560
1001561
1001562
1001563
1001564
1001565
1001566
1001567
1001568
1001569
1001570
1001571
1001572
1001573
1001574
1001575
1001576
1001577
1001578
1001579
1001580
1001581
1001582
1001583
1001584
1001585
1001586
1001587
1001588
1001589
1001590
1001591
1001592
1001593
1001594
1001595
1001596
1001597
1001598
1001599
1001600
1001601
1001602
1001603
1001604
1001605
1001606
1001607
1001608
1001609
1001610
1001611
1001612
1001613
1001614
1001615
1001616
1001617
1001618
1001619
1001620
1001621
1001622
1001623
1001624
1001625
1001626
1001627
1001628
1001629
1001630
1001631
1001632
1001633
1001634
1001635
1001636
1001637
1001638
1001639
1001640
1001641
1001642
1001643
1001644
1001645
1001646
1001647
1001648
1001649
1001650
1001651
1001652
1001653
1001654
1001655
1001656
1001657
1001658
1001659
1001660
1001661
1001662
1001663
1001664
1001665
1001666
1001667
1001668
1001669
1001670
1001671
1001672
1001673
1001674
1001675
1001676
1001677
1001678
1001679
1001680
1001681
1001682
1001683
1001684
1001685
1001686
1001687
1001688
1001689
1001690
1001691
1001692
1001693
1001694
1001695
1001696
1001697
1001698
1001699
1001700
1001701
1001702
1001703
1001704
1001705
1001706
1001707
1001708
1001709
1001710
1001711
1001712
1001713
1001714
1001715
1001716
1001717
1001718
1001719
1001720
1001721
1001722
1001723
1001724
1001725
1001726
1001727
1001728
1001729
1001730
1001731
1001732
1001733
1001734
1001735
1001736
1001737
1001738
1001739
1001740
1001741
1001742
1001743
1001744
1001745
1001746
1001747
1001748
1001749
1001750
1001751
1001752
1001753
1001754
1001755
1001756
1001757
1001758
1001759
1001760
1001761
1001762
1001763
1001764
1001765
1001766
1001767
1001768
1001769
1001770
1001771
1001772
1001773
1001774
1001775
1001776
1001777
1001778
1001779
1001780
1001781
1001782
1001783
1001784
1001785
1001786
1001787
1001788
1001789
1001790
1001791
1001792
1001793
1001794
1001795
1001796
1001797
1001798
1001799
1001800
1001801
1001802
1001803
1001804
1001805
1001806
1001807
1001808
1001809
1001810
1001811
1001812
1001813
1001814
1001815
1001816
1001817
1001818
1001819
1001820
1001821
1001822
1001823
1001824
1001825
1001826
1001827
1001828
1001829
1001830
1001831
1001832
1001833
1001834
1001835
1001836
1001837
1001838
1001839
1001840
1001841
1001842
1001843
1001844
1001845
1001846
1001847
1001848
1001849
1001850
1001851
1001852
1001853
1001854
1001855
1001856
1001857
1001858
1001859
1001860
1001861
1001862
1001863
1001864
1001865
1001866
1001867
1001868
1001869
1001870
1001871
1001872
1001873
1001874
1001875
1001876
1001877
1001878
1001879
1001880
1001881
1001882
1001883
1001884
1001885
1001886
1001887
1001888
1001889
1001890
1001891
1001892
1001893
1001894
1001895
1001896
1001897
1001898
1001899
1001900
1001901
1001902
1001903
1001904
1001905
1001906
1001907
1001908
1001909
1001910
1001911
1001912
1001913
1001914
1001915
1001916
1001917
1001918
1001919
1001920
1001921
1001922
1001923
1001924
1001925
1001926
1001927
1001928
1001929
1001930
1001931
1001932
1001933
1001934
1001935
1001936
1001937
1001938
1001939
1001940
1001941
1001942
1001943
1001944
1001945
1001946
1001947
1001948
1001949
1001950
1001951
1001952
1001953
1001954
1001955
1001956
1001957
1001958
1001959
1001960
1001961
1001962
1001963
1001964
1001965
1001966
1001967
1001968
1001969
1001970
1001971
1001972
1001973
1001974
1001975
1001976
1001977
1001978
1001979
1001980
1001981
1001982
1001983
1001984
1001985
1001986
1001987
1001988
1001989
1001990
1001991
1001992
1001993
1001994
1001995
1001996
1001997
1001998
1001999
1002000
1002001
1002002
1002003
1002004
1002005
1002006
1002007
1002008
1002009
1002010
1002011
1002012
1002013
1002014
1002015
1002016
1002017
1002018
1002019
1002020
1002021
1002022
1002023
1002024
1002025
1002026
1002027
1002028
1002029
1002030
1002031
1002032
1002033
1002034
1002035
1002036
1002037
1002038
1002039
1002040
1002041
1002042
1002043
1002044
1002045
1002046
1002047
1002048
1002049
1002050
1002051
1002052
1002053
1002054
1002055
1002056
1002057
1002058
1002059
1002060
1002061
1002062
1002063
1002064
1002065
1002066
1002067
1002068
1002069
1002070
1002071
1002072
1002073
1002074
1002075
1002076
1002077
1002078
1002079
1002080
1002081
1002082
1002083
1002084
1002085
1002086
1002087
1002088
1002089
1002090
1002091
1002092
1002093
1002094
1002095
1002096
1002097
1002098
1002099
1002100
1002101
1002102
1002103
1002104
1002105
1002106
1002107
1002108
1002109
1002110
1002111
1002112
1002113
1002114
1002115
1002116
1002117
1002118
1002119
1002120
1002121
1002122
1002123
1002124
1002125
1002126
1002127
1002128
1002129
1002130
1002131
1002132
1002133
1002134
1002135
1002136
1002137
1002138
1002139
1002140
1002141
1002142
1002143
1002144
1002145
1002146
1002147
1002148
1002149
1002150
1002151
1002152
1002153
1002154
1002155
1002156
1002157
1002158
1002159
1002160
1002161
1002162
1002163
1002164
1002165
1002166
1002167
1002168
1002169
1002170
1002171
1002172
1002173
1002174
1002175
1002176
1002177
1002178
1002179
1002180
1002181
1002182
1002183
1002184
1002185
1002186
1002187
1002188
1002189
1002190
1002191
1002192
1002193
1002194
1002195
1002196
1002197
1002198
1002199
1002200
1002201
1002202
1002203
1002204
1002205
1002206
1002207
1002208
1002209
1002210
1002211
1002212
1002213
1002214
1002215
1002216
1002217
1002218
1002219
1002220
1002221
1002222
1002223
1002224
1002225
1002226
1002227
1002228
1002229
1002230
1002231
1002232
1002233
1002234
1002235
1002236
1002237
1002238
1002239
1002240
1002241
1002242
1002243
1002244
1002245
1002246
1002247
1002248
1002249
1002250
1002251
1002252
1002253
1002254
1002255
1002256
1002257
1002258
1002259
1002260
1002261
1002262
1002263
1002264
1002265
1002266
1002267
1002268
1002269
1002270
1002271
1002272
1002273
1002274
1002275
1002276
1002277
1002278
1002279
1002280
1002281
1002282
1002283
1002284
1002285
1002286
1002287
1002288
1002289
1002290
1002291
1002292
1002293
1002294
1002295
1002296
1002297
1002298
1002299
1002300
1002301
1002302
1002303
1002304
1002305
1002306
1002307
1002308
1002309
1002310
1002311
1002312
1002313
1002314
1002315
1002316
1002317
1002318
1002319
1002320
1002321
1002322
1002323
1002324
1002325
1002326
1002327
1002328
1002329
1002330
1002331
1002332
1002333
1002334
1002335
1002336
1002337
1002338
1002339
1002340
1002341
1002342
1002343
1002344
1002345
1002346
1002347
1002348
1002349
1002350
1002351
1002352
1002353
1002354
1002355
1002356
1002357
1002358
1002359
1002360
1002361
1002362
1002363
1002364
1002365
1002366
1002367
1002368
1002369
1002370
1002371
1002372
1002373
1002374
1002375
1002376
1002377
1002378
1002379
1002380
1002381
1002382
1002383
1002384
1002385
1002386
1002387
1002388
1002389
1002390
1002391
1002392
1002393
1002394
1002395
1002396
1002397
1002398
1002399
1002400
1002401
1002402
1002403
1002404
1002405
1002406
1002407
1002408
1002409
1002410
1002411
1002412
1002413
1002414
1002415
1002416
1002417
1002418
1002419
1002420
1002421
1002422
1002423
1002424
1002425
1002426
1002427
1002428
1002429
1002430
1002431
1002432
1002433
1002434
1002435
1002436
1002437
1002438
1002439
1002440
1002441
1002442
1002443
1002444
1002445
1002446
1002447
1002448
1002449
1002450
1002451
1002452
1002453
1002454
1002455
1002456
1002457
1002458
1002459
1002460
1002461
1002462
1002463
1002464
1002465
1002466
1002467
1002468
1002469
1002470
1002471
1002472
1002473
1002474
1002475
1002476
1002477
1002478
1002479
1002480
1002481
1002482
1002483
1002484
1002485
1002486
1002487
1002488
1002489
1002490
1002491
1002492
1002493
1002494
1002495
1002496
1002497
1002498
1002499
1002500
1002501
1002502
1002503
1002504
1002505
1002506
1002507
1002508
1002509
1002510
1002511
1002512
1002513
1002514
1002515
1002516
1002517
1002518
1002519
1002520
1002521
1002522
1002523
1002524
1002525
1002526
1002527
1002528
1002529
1002530
1002531
1002532
1002533
1002534
1002535
1002536
1002537
1002538
1002539
1002540
1002541
1002542
1002543
1002544
1002545
1002546
1002547
1002548
1002549
1002550
1002551
1002552
1002553
1002554
1002555
1002556
1002557
1002558
1002559
1002560
1002561
1002562
1002563
1002564
1002565
1002566
1002567
1002568
1002569
1002570
1002571
1002572
1002573
1002574
1002575
1002576
1002577
1002578
1002579
1002580
1002581
1002582
1002583
1002584
1002585
1002586
1002587
1002588
1002589
1002590
1002591
1002592
1002593
1002594
1002595
1002596
1002597
1002598
1002599
1002600
1002601
1002602
1002603
1002604
1002605
1002606
1002607
1002608
1002609
1002610
1002611
1002612
1002613
1002614
1002615
1002616
1002617
1002618
1002619
1002620
1002621
1002622
1002623
1002624
1002625
1002626
1002627
1002628
1002629
1002630
1002631
1002632
1002633
1002634
1002635
1002636
1002637
1002638
1002639
1002640
1002641
1002642
1002643
1002644
1002645
1002646
1002647
1002648
1002649
1002650
1002651
1002652
1002653
1002654
1002655
1002656
1002657
1002658
1002659
1002660
1002661
1002662
1002663
1002664
1002665
1002666
1002667
1002668
1002669
1002670
1002671
1002672
1002673
1002674
1002675
1002676
1002677
1002678
1002679
1002680
1002681
1002682
1002683
1002684
1002685
1002686
1002687
1002688
1002689
1002690
1002691
1002692
1002693
1002694
1002695
1002696
1002697
1002698
1002699
1002700
1002701
1002702
1002703
1002704
1002705
1002706
1002707
1002708
1002709
1002710
1002711
1002712
1002713
1002714
1002715
1002716
1002717
1002718
1002719
1002720
1002721
1002722
1002723
1002724
1002725
1002726
1002727
1002728
1002729
1002730
1002731
1002732
1002733
1002734
1002735
1002736
1002737
1002738
1002739
1002740
1002741
1002742
1002743
1002744
1002745
1002746
1002747
1002748
1002749
1002750
1002751
1002752
1002753
1002754
1002755
1002756
1002757
1002758
1002759
1002760
1002761
1002762
1002763
1002764
1002765
1002766
1002767
1002768
1002769
1002770
1002771
1002772
1002773
1002774
1002775
1002776
1002777
1002778
1002779
1002780
1002781
1002782
1002783
1002784
1002785
1002786
1002787
1002788
1002789
1002790
1002791
1002792
1002793
1002794
1002795
1002796
1002797
1002798
1002799
1002800
1002801
1002802
1002803
1002804
1002805
1002806
1002807
1002808
1002809
1002810
1002811
1002812
1002813
1002814
1002815
1002816
1002817
1002818
1002819
1002820
1002821
1002822
1002823
1002824
1002825
1002826
1002827
1002828
1002829
1002830
1002831
1002832
1002833
1002834
1002835
1002836
1002837
1002838
1002839
1002840
1002841
1002842
1002843
1002844
1002845
1002846
1002847
1002848
1002849
1002850
1002851
1002852
1002853
1002854
1002855
1002856
1002857
1002858
1002859
1002860
1002861
1002862
1002863
1002864
1002865
1002866
1002867
1002868
1002869
1002870
1002871
1002872
1002873
1002874
1002875
1002876
1002877
1002878
1002879
1002880
1002881
1002882
1002883
1002884
1002885
1002886
1002887
1002888
1002889
1002890
1002891
1002892
1002893
1002894
1002895
1002896
1002897
1002898
1002899
1002900
1002901
1002902
1002903
1002904
1002905
1002906
1002907
1002908
1002909
1002910
1002911
1002912
1002913
1002914
1002915
1002916
1002917
1002918
1002919
1002920
1002921
1002922
1002923
1002924
1002925
1002926
1002927
1002928
1002929
1002930
1002931
1002932
1002933
1002934
1002935
1002936
1002937
1002938
1002939
1002940
1002941
1002942
1002943
1002944
1002945
1002946
1002947
1002948
1002949
1002950
1002951
1002952
1002953
1002954
1002955
1002956
1002957
1002958
1002959
1002960
1002961
1002962
1002963
1002964
1002965
1002966
1002967
1002968
1002969
1002970
1002971
1002972
1002973
1002974
1002975
1002976
1002977
1002978
1002979
1002980
1002981
1002982
1002983
1002984
1002985
1002986
1002987
1002988
1002989
1002990
1002991
1002992
1002993
1002994
1002995
1002996
1002997
1002998
1002999
1003000
1003001
1003002
1003003
1003004
1003005
1003006
1003007
1003008
1003009
1003010
1003011
1003012
1003013
1003014
1003015
1003016
1003017
1003018
1003019
1003020
1003021
1003022
1003023
1003024
1003025
1003026
1003027
1003028
1003029
1003030
1003031
1003032
1003033
1003034
1003035
1003036
1003037
1003038
1003039
1003040
1003041
1003042
1003043
1003044
1003045
1003046
1003047
1003048
1003049
1003050
1003051
1003052
1003053
1003054
1003055
1003056
1003057
1003058
1003059
1003060
1003061
1003062
1003063
1003064
1003065
1003066
1003067
1003068
1003069
1003070
1003071
1003072
1003073
1003074
1003075
1003076
1003077
1003078
1003079
1003080
1003081
1003082
1003083
1003084
1003085
1003086
1003087
1003088
1003089
1003090
1003091
1003092
1003093
1003094
1003095
1003096
1003097
1003098
1003099
1003100
1003101
1003102
1003103
1003104
1003105
1003106
1003107
1003108
1003109
1003110
1003111
1003112
1003113
1003114
1003115
1003116
1003117
1003118
1003119
1003120
1003121
1003122
1003123
1003124
1003125
1003126
1003127
1003128
1003129
1003130
1003131
1003132
1003133
1003134
1003135
1003136
1003137
1003138
1003139
1003140
1003141
1003142
1003143
1003144
1003145
1003146
1003147
1003148
1003149
1003150
1003151
1003152
1003153
1003154
1003155
1003156
1003157
1003158
1003159
1003160
1003161
1003162
1003163
1003164
1003165
1003166
1003167
1003168
1003169
1003170
1003171
1003172
1003173
1003174
1003175
1003176
1003177
1003178
1003179
1003180
1003181
1003182
1003183
1003184
1003185
1003186
1003187
1003188
1003189
1003190
1003191
1003192
1003193
1003194
1003195
1003196
1003197
1003198
1003199
1003200
1003201
1003202
1003203
1003204
1003205
1003206
1003207
1003208
1003209
1003210
1003211
1003212
1003213
1003214
1003215
1003216
1003217
1003218
1003219
1003220
1003221
1003222
1003223
1003224
1003225
1003226
1003227
1003228
1003229
1003230
1003231
1003232
1003233
1003234
1003235
1003236
1003237
1003238
1003239
1003240
1003241
1003242
1003243
1003244
1003245
1003246
1003247
1003248
1003249
1003250
1003251
1003252
1003253
1003254
1003255
1003256
1003257
1003258
1003259
1003260
1003261
1003262
1003263
1003264
1003265
1003266
1003267
1003268
1003269
1003270
1003271
1003272
1003273
1003274
1003275
1003276
1003277
1003278
1003279
1003280
1003281
1003282
1003283
1003284
1003285
1003286
1003287
1003288
1003289
1003290
1003291
1003292
1003293
1003294
1003295
1003296
1003297
1003298
1003299
1003300
1003301
1003302
1003303
1003304
1003305
1003306
1003307
1003308
1003309
1003310
1003311
1003312
1003313
1003314
1003315
1003316
1003317
1003318
1003319
1003320
1003321
1003322
1003323
1003324
1003325
1003326
1003327
1003328
1003329
1003330
1003331
1003332
1003333
1003334
1003335
1003336
1003337
1003338
1003339
1003340
1003341
1003342
1003343
1003344
1003345
1003346
1003347
1003348
1003349
1003350
1003351
1003352
1003353
1003354
1003355
1003356
1003357
1003358
1003359
1003360
1003361
1003362
1003363
1003364
1003365
1003366
1003367
1003368
1003369
1003370
1003371
1003372
1003373
1003374
1003375
1003376
1003377
1003378
1003379
1003380
1003381
1003382
1003383
1003384
1003385
1003386
1003387
1003388
1003389
1003390
1003391
1003392
1003393
1003394
1003395
1003396
1003397
1003398
1003399
1003400
1003401
1003402
1003403
1003404
1003405
1003406
1003407
1003408
1003409
1003410
1003411
1003412
1003413
1003414
1003415
1003416
1003417
1003418
1003419
1003420
1003421
1003422
1003423
1003424
1003425
1003426
1003427
1003428
1003429
1003430
1003431
1003432
1003433
1003434
1003435
1003436
1003437
1003438
1003439
1003440
1003441
1003442
1003443
1003444
1003445
1003446
1003447
1003448
1003449
1003450
1003451
1003452
1003453
1003454
1003455
1003456
1003457
1003458
1003459
1003460
1003461
1003462
1003463
1003464
1003465
1003466
1003467
1003468
1003469
1003470
1003471
1003472
1003473
1003474
1003475
1003476
1003477
1003478
1003479
1003480
1003481
1003482
1003483
1003484
1003485
1003486
1003487
1003488
1003489
1003490
1003491
1003492
1003493
1003494
1003495
1003496
1003497
1003498
1003499
1003500
1003501
1003502
1003503
1003504
1003505
1003506
1003507
1003508
1003509
1003510
1003511
1003512
1003513
1003514
1003515
1003516
1003517
1003518
1003519
1003520
1003521
1003522
1003523
1003524
1003525
1003526
1003527
1003528
1003529
1003530
1003531
1003532
1003533
1003534
1003535
1003536
1003537
1003538
1003539
1003540
1003541
1003542
1003543
1003544
1003545
1003546
1003547
1003548
1003549
1003550
1003551
1003552
1003553
1003554
1003555
1003556
1003557
1003558
1003559
1003560
1003561
1003562
1003563
1003564
1003565
1003566
1003567
1003568
1003569
1003570
1003571
1003572
1003573
1003574
1003575
1003576
1003577
1003578
1003579
1003580
1003581
1003582
1003583
1003584
1003585
1003586
1003587
1003588
1003589
1003590
1003591
1003592
1003593
1003594
1003595
1003596
1003597
1003598
1003599
1003600
1003601
1003602
1003603
1003604
1003605
1003606
1003607
1003608
1003609
1003610
1003611
1003612
1003613
1003614
1003615
1003616
1003617
1003618
1003619
1003620
1003621
1003622
1003623
1003624
1003625
1003626
1003627
1003628
1003629
1003630
1003631
1003632
1003633
1003634
1003635
1003636
1003637
1003638
1003639
1003640
1003641
1003642
1003643
1003644
1003645
1003646
1003647
1003648
1003649
1003650
1003651
1003652
1003653
1003654
1003655
1003656
1003657
1003658
1003659
1003660
1003661
1003662
1003663
1003664
1003665
1003666
1003667
1003668
1003669
1003670
1003671
1003672
1003673
1003674
1003675
1003676
1003677
1003678
1003679
1003680
1003681
1003682
1003683
1003684
1003685
1003686
1003687
1003688
1003689
1003690
1003691
1003692
1003693
1003694
1003695
1003696
1003697
1003698
1003699
1003700
1003701
1003702
1003703
1003704
1003705
1003706
1003707
1003708
1003709
1003710
1003711
1003712
1003713
1003714
1003715
1003716
1003717
1003718
1003719
1003720
1003721
1003722
1003723
1003724
1003725
1003726
1003727
1003728
1003729
1003730
1003731
1003732
1003733
1003734
1003735
1003736
1003737
1003738
1003739
1003740
1003741
1003742
1003743
1003744
1003745
1003746
1003747
1003748
1003749
1003750
1003751
1003752
1003753
1003754
1003755
1003756
1003757
1003758
1003759
1003760
1003761
1003762
1003763
1003764
1003765
1003766
1003767
1003768
1003769
1003770
1003771
1003772
1003773
1003774
1003775
1003776
1003777
1003778
1003779
1003780
1003781
1003782
1003783
1003784
1003785
1003786
1003787
1003788
1003789
1003790
1003791
1003792
1003793
1003794
1003795
1003796
1003797
1003798
1003799
1003800
1003801
1003802
1003803
1003804
1003805
1003806
1003807
1003808
1003809
1003810
1003811
1003812
1003813
1003814
1003815
1003816
1003817
1003818
1003819
1003820
1003821
1003822
1003823
1003824
1003825
1003826
1003827
1003828
1003829
1003830
1003831
1003832
1003833
1003834
1003835
1003836
1003837
1003838
1003839
1003840
1003841
1003842
1003843
1003844
1003845
1003846
1003847
1003848
1003849
1003850
1003851
1003852
1003853
1003854
1003855
1003856
1003857
1003858
1003859
1003860
1003861
1003862
1003863
1003864
1003865
1003866
1003867
1003868
1003869
1003870
1003871
1003872
1003873
1003874
1003875
1003876
1003877
1003878
1003879
1003880
1003881
1003882
1003883
1003884
1003885
1003886
1003887
1003888
1003889
1003890
1003891
1003892
1003893
1003894
1003895
1003896
1003897
1003898
1003899
1003900
1003901
1003902
1003903
1003904
1003905
1003906
1003907
1003908
1003909
1003910
1003911
1003912
1003913
1003914
1003915
1003916
1003917
1003918
1003919
1003920
1003921
1003922
1003923
1003924
1003925
1003926
1003927
1003928
1003929
1003930
1003931
1003932
1003933
1003934
1003935
1003936
1003937
1003938
1003939
1003940
1003941
1003942
1003943
1003944
1003945
1003946
1003947
1003948
1003949
1003950
1003951
1003952
1003953
1003954
1003955
1003956
1003957
1003958
1003959
1003960
1003961
1003962
1003963
1003964
1003965
1003966
1003967
1003968
1003969
1003970
1003971
1003972
1003973
1003974
1003975
1003976
1003977
1003978
1003979
1003980
1003981
1003982
1003983
1003984
1003985
1003986
1003987
1003988
1003989
1003990
1003991
1003992
1003993
1003994
1003995
1003996
1003997
1003998
1003999
1004000
1004001
1004002
1004003
1004004
1004005
1004006
1004007
1004008
1004009
1004010
1004011
1004012
1004013
1004014
1004015
1004016
1004017
1004018
1004019
1004020
1004021
1004022
1004023
1004024
1004025
1004026
1004027
1004028
1004029
1004030
1004031
1004032
1004033
1004034
1004035
1004036
1004037
1004038
1004039
1004040
1004041
1004042
1004043
1004044
1004045
1004046
1004047
1004048
1004049
1004050
1004051
1004052
1004053
1004054
1004055
1004056
1004057
1004058
1004059
1004060
1004061
1004062
1004063
1004064
1004065
1004066
1004067
1004068
1004069
1004070
1004071
1004072
1004073
1004074
1004075
1004076
1004077
1004078
1004079
1004080
1004081
1004082
1004083
1004084
1004085
1004086
1004087
1004088
1004089
1004090
1004091
1004092
1004093
1004094
1004095
1004096
1004097
1004098
1004099
1004100
1004101
1004102
1004103
1004104
1004105
1004106
1004107
1004108
1004109
1004110
1004111
1004112
1004113
1004114
1004115
1004116
1004117
1004118
1004119
1004120
1004121
1004122
1004123
1004124
1004125
1004126
1004127
1004128
1004129
1004130
1004131
1004132
1004133
1004134
1004135
1004136
1004137
1004138
1004139
1004140
1004141
1004142
1004143
1004144
1004145
1004146
1004147
1004148
1004149
1004150
1004151
1004152
1004153
1004154
1004155
1004156
1004157
1004158
1004159
1004160
1004161
1004162
1004163
1004164
1004165
1004166
1004167
1004168
1004169
1004170
1004171
1004172
1004173
1004174
1004175
1004176
1004177
1004178
1004179
1004180
1004181
1004182
1004183
1004184
1004185
1004186
1004187
1004188
1004189
1004190
1004191
1004192
1004193
1004194
1004195
1004196
1004197
1004198
1004199
1004200
1004201
1004202
1004203
1004204
1004205
1004206
1004207
1004208
1004209
1004210
1004211
1004212
1004213
1004214
1004215
1004216
1004217
1004218
1004219
1004220
1004221
1004222
1004223
1004224
1004225
1004226
1004227
1004228
1004229
1004230
1004231
1004232
1004233
1004234
1004235
1004236
1004237
1004238
1004239
1004240
1004241
1004242
1004243
1004244
1004245
1004246
1004247
1004248
1004249
1004250
1004251
1004252
1004253
1004254
1004255
1004256
1004257
1004258
1004259
1004260
1004261
1004262
1004263
1004264
1004265
1004266
1004267
1004268
1004269
1004270
1004271
1004272
1004273
1004274
1004275
1004276
1004277
1004278
1004279
1004280
1004281
1004282
1004283
1004284
1004285
1004286
1004287
1004288
1004289
1004290
1004291
1004292
1004293
1004294
1004295
1004296
1004297
1004298
1004299
1004300
1004301
1004302
1004303
1004304
1004305
1004306
1004307
1004308
1004309
1004310
1004311
1004312
1004313
1004314
1004315
1004316
1004317
1004318
1004319
1004320
1004321
1004322
1004323
1004324
1004325
1004326
1004327
1004328
1004329
1004330
1004331
1004332
1004333
1004334
1004335
1004336
1004337
1004338
1004339
1004340
1004341
1004342
1004343
1004344
1004345
1004346
1004347
1004348
1004349
1004350
1004351
1004352
1004353
1004354
1004355
1004356
1004357
1004358
1004359
1004360
1004361
1004362
1004363
1004364
1004365
1004366
1004367
1004368
1004369
1004370
1004371
1004372
1004373
1004374
1004375
1004376
1004377
1004378
1004379
1004380
1004381
1004382
1004383
1004384
1004385
1004386
1004387
1004388
1004389
1004390
1004391
1004392
1004393
1004394
1004395
1004396
1004397
1004398
1004399
1004400
1004401
1004402
1004403
1004404
1004405
1004406
1004407
1004408
1004409
1004410
1004411
1004412
1004413
1004414
1004415
1004416
1004417
1004418
1004419
1004420
1004421
1004422
1004423
1004424
1004425
1004426
1004427
1004428
1004429
1004430
1004431
1004432
1004433
1004434
1004435
1004436
1004437
1004438
1004439
1004440
1004441
1004442
1004443
1004444
1004445
1004446
1004447
1004448
1004449
1004450
1004451
1004452
1004453
1004454
1004455
1004456
1004457
1004458
1004459
1004460
1004461
1004462
1004463
1004464
1004465
1004466
1004467
1004468
1004469
1004470
1004471
1004472
1004473
1004474
1004475
1004476
1004477
1004478
1004479
1004480
1004481
1004482
1004483
1004484
1004485
1004486
1004487
1004488
1004489
1004490
1004491
1004492
1004493
1004494
1004495
1004496
1004497
1004498
1004499
1004500
1004501
1004502
1004503
1004504
1004505
1004506
1004507
1004508
1004509
1004510
1004511
1004512
1004513
1004514
1004515
1004516
1004517
1004518
1004519
1004520
1004521
1004522
1004523
1004524
1004525
1004526
1004527
1004528
1004529
1004530
1004531
1004532
1004533
1004534
1004535
1004536
1004537
1004538
1004539
1004540
1004541
1004542
1004543
1004544
1004545
1004546
1004547
1004548
1004549
1004550
1004551
1004552
1004553
1004554
1004555
1004556
1004557
1004558
1004559
1004560
1004561
1004562
1004563
1004564
1004565
1004566
1004567
1004568
1004569
1004570
1004571
1004572
1004573
1004574
1004575
1004576
1004577
1004578
1004579
1004580
1004581
1004582
1004583
1004584
1004585
1004586
1004587
1004588
1004589
1004590
1004591
1004592
1004593
1004594
1004595
1004596
1004597
1004598
1004599
1004600
1004601
1004602
1004603
1004604
1004605
1004606
1004607
1004608
1004609
1004610
1004611
1004612
1004613
1004614
1004615
1004616
1004617
1004618
1004619
1004620
1004621
1004622
1004623
1004624
1004625
1004626
1004627
1004628
1004629
1004630
1004631
1004632
1004633
1004634
1004635
1004636
1004637
1004638
1004639
1004640
1004641
1004642
1004643
1004644
1004645
1004646
1004647
1004648
1004649
1004650
1004651
1004652
1004653
1004654
1004655
1004656
1004657
1004658
1004659
1004660
1004661
1004662
1004663
1004664
1004665
1004666
1004667
1004668
1004669
1004670
1004671
1004672
1004673
1004674
1004675
1004676
1004677
1004678
1004679
1004680
1004681
1004682
1004683
1004684
1004685
1004686
1004687
1004688
1004689
1004690
1004691
1004692
1004693
1004694
1004695
1004696
1004697
1004698
1004699
1004700
1004701
1004702
1004703
1004704
1004705
1004706
1004707
1004708
1004709
1004710
1004711
1004712
1004713
1004714
1004715
1004716
1004717
1004718
1004719
1004720
1004721
1004722
1004723
1004724
1004725
1004726
1004727
1004728
1004729
1004730
1004731
1004732
1004733
1004734
1004735
1004736
1004737
1004738
1004739
1004740
1004741
1004742
1004743
1004744
1004745
1004746
1004747
1004748
1004749
1004750
1004751
1004752
1004753
1004754
1004755
1004756
1004757
1004758
1004759
1004760
1004761
1004762
1004763
1004764
1004765
1004766
1004767
1004768
1004769
1004770
1004771
1004772
1004773
1004774
1004775
1004776
1004777
1004778
1004779
1004780
1004781
1004782
1004783
1004784
1004785
1004786
1004787
1004788
1004789
1004790
1004791
1004792
1004793
1004794
1004795
1004796
1004797
1004798
1004799
1004800
1004801
1004802
1004803
1004804
1004805
1004806
1004807
1004808
1004809
1004810
1004811
1004812
1004813
1004814
1004815
1004816
1004817
1004818
1004819
1004820
1004821
1004822
1004823
1004824
1004825
1004826
1004827
1004828
1004829
1004830
1004831
1004832
1004833
1004834
1004835
1004836
1004837
1004838
1004839
1004840
1004841
1004842
1004843
1004844
1004845
1004846
1004847
1004848
1004849
1004850
1004851
1004852
1004853
1004854
1004855
1004856
1004857
1004858
1004859
1004860
1004861
1004862
1004863
1004864
1004865
1004866
1004867
1004868
1004869
1004870
1004871
1004872
1004873
1004874
1004875
1004876
1004877
1004878
1004879
1004880
1004881
1004882
1004883
1004884
1004885
1004886
1004887
1004888
1004889
1004890
1004891
1004892
1004893
1004894
1004895
1004896
1004897
1004898
1004899
1004900
1004901
1004902
1004903
1004904
1004905
1004906
1004907
1004908
1004909
1004910
1004911
1004912
1004913
1004914
1004915
1004916
1004917
1004918
1004919
1004920
1004921
1004922
1004923
1004924
1004925
1004926
1004927
1004928
1004929
1004930
1004931
1004932
1004933
1004934
1004935
1004936
1004937
1004938
1004939
1004940
1004941
1004942
1004943
1004944
1004945
1004946
1004947
1004948
1004949
1004950
1004951
1004952
1004953
1004954
1004955
1004956
1004957
1004958
1004959
1004960
1004961
1004962
1004963
1004964
1004965
1004966
1004967
1004968
1004969
1004970
1004971
1004972
1004973
1004974
1004975
1004976
1004977
1004978
1004979
1004980
1004981
1004982
1004983
1004984
1004985
1004986
1004987
1004988
1004989
1004990
1004991
1004992
1004993
1004994
1004995
1004996
1004997
1004998
1004999