9995000
9995001
9995002
9995003
9995004
9995005
9995006
9995007
9995008
9995009
9995010
9995011
9995012
9995013
9995014
9995015
9995016
9995017
9995018
9995019
9995020
9995021
9995022
9995023
9995024
9995025
9995026
9995027
9995028
9995029
9995030
9995031
9995032
9995033
9995034
9995035
9995036
9995037
9995038
9995039
9995040
9995041
9995042
9995043
9995044
9995045
9995046
9995047
9995048
9995049
9995050
9995051
9995052
9995053
9995054
9995055
9995056
9995057
9995058
9995059
9995060
9995061
9995062
9995063
9995064
9995065
9995066
9995067
9995068
9995069
9995070
9995071
9995072
9995073
9995074
9995075
9995076
9995077
9995078
9995079
9995080
9995081
9995082
9995083
9995084
9995085
9995086
9995087
9995088
9995089
9995090
9995091
9995092
9995093
9995094
9995095
9995096
9995097
9995098
9995099
9995100
9995101
9995102
9995103
9995104
9995105
9995106
9995107
9995108
9995109
9995110
9995111
9995112
9995113
9995114
9995115
9995116
9995117
9995118
9995119
9995120
9995121
9995122
9995123
9995124
9995125
9995126
9995127
9995128
9995129
9995130
9995131
9995132
9995133
9995134
9995135
9995136
9995137
9995138
9995139
9995140
9995141
9995142
9995143
9995144
9995145
9995146
9995147
9995148
9995149
9995150
9995151
9995152
9995153
9995154
9995155
9995156
9995157
9995158
9995159
9995160
9995161
9995162
9995163
9995164
9995165
9995166
9995167
9995168
9995169
9995170
9995171
9995172
9995173
9995174
9995175
9995176
9995177
9995178
9995179
9995180
9995181
9995182
9995183
9995184
9995185
9995186
9995187
9995188
9995189
9995190
9995191
9995192
9995193
9995194
9995195
9995196
9995197
9995198
9995199
9995200
9995201
9995202
9995203
9995204
9995205
9995206
9995207
9995208
9995209
9995210
9995211
9995212
9995213
9995214
9995215
9995216
9995217
9995218
9995219
9995220
9995221
9995222
9995223
9995224
9995225
9995226
9995227
9995228
9995229
9995230
9995231
9995232
9995233
9995234
9995235
9995236
9995237
9995238
9995239
9995240
9995241
9995242
9995243
9995244
9995245
9995246
9995247
9995248
9995249
9995250
9995251
9995252
9995253
9995254
9995255
9995256
9995257
9995258
9995259
9995260
9995261
9995262
9995263
9995264
9995265
9995266
9995267
9995268
9995269
9995270
9995271
9995272
9995273
9995274
9995275
9995276
9995277
9995278
9995279
9995280
9995281
9995282
9995283
9995284
9995285
9995286
9995287
9995288
9995289
9995290
9995291
9995292
9995293
9995294
9995295
9995296
9995297
9995298
9995299
9995300
9995301
9995302
9995303
9995304
9995305
9995306
9995307
9995308
9995309
9995310
9995311
9995312
9995313
9995314
9995315
9995316
9995317
9995318
9995319
9995320
9995321
9995322
9995323
9995324
9995325
9995326
9995327
9995328
9995329
9995330
9995331
9995332
9995333
9995334
9995335
9995336
9995337
9995338
9995339
9995340
9995341
9995342
9995343
9995344
9995345
9995346
9995347
9995348
9995349
9995350
9995351
9995352
9995353
9995354
9995355
9995356
9995357
9995358
9995359
9995360
9995361
9995362
9995363
9995364
9995365
9995366
9995367
9995368
9995369
9995370
9995371
9995372
9995373
9995374
9995375
9995376
9995377
9995378
9995379
9995380
9995381
9995382
9995383
9995384
9995385
9995386
9995387
9995388
9995389
9995390
9995391
9995392
9995393
9995394
9995395
9995396
9995397
9995398
9995399
9995400
9995401
9995402
9995403
9995404
9995405
9995406
9995407
9995408
9995409
9995410
9995411
9995412
9995413
9995414
9995415
9995416
9995417
9995418
9995419
9995420
9995421
9995422
9995423
9995424
9995425
9995426
9995427
9995428
9995429
9995430
9995431
9995432
9995433
9995434
9995435
9995436
9995437
9995438
9995439
9995440
9995441
9995442
9995443
9995444
9995445
9995446
9995447
9995448
9995449
9995450
9995451
9995452
9995453
9995454
9995455
9995456
9995457
9995458
9995459
9995460
9995461
9995462
9995463
9995464
9995465
9995466
9995467
9995468
9995469
9995470
9995471
9995472
9995473
9995474
9995475
9995476
9995477
9995478
9995479
9995480
9995481
9995482
9995483
9995484
9995485
9995486
9995487
9995488
9995489
9995490
9995491
9995492
9995493
9995494
9995495
9995496
9995497
9995498
9995499
9995500
9995501
9995502
9995503
9995504
9995505
9995506
9995507
9995508
9995509
9995510
9995511
9995512
9995513
9995514
9995515
9995516
9995517
9995518
9995519
9995520
9995521
9995522
9995523
9995524
9995525
9995526
9995527
9995528
9995529
9995530
9995531
9995532
9995533
9995534
9995535
9995536
9995537
9995538
9995539
9995540
9995541
9995542
9995543
9995544
9995545
9995546
9995547
9995548
9995549
9995550
9995551
9995552
9995553
9995554
9995555
9995556
9995557
9995558
9995559
9995560
9995561
9995562
9995563
9995564
9995565
9995566
9995567
9995568
9995569
9995570
9995571
9995572
9995573
9995574
9995575
9995576
9995577
9995578
9995579
9995580
9995581
9995582
9995583
9995584
9995585
9995586
9995587
9995588
9995589
9995590
9995591
9995592
9995593
9995594
9995595
9995596
9995597
9995598
9995599
9995600
9995601
9995602
9995603
9995604
9995605
9995606
9995607
9995608
9995609
9995610
9995611
9995612
9995613
9995614
9995615
9995616
9995617
9995618
9995619
9995620
9995621
9995622
9995623
9995624
9995625
9995626
9995627
9995628
9995629
9995630
9995631
9995632
9995633
9995634
9995635
9995636
9995637
9995638
9995639
9995640
9995641
9995642
9995643
9995644
9995645
9995646
9995647
9995648
9995649
9995650
9995651
9995652
9995653
9995654
9995655
9995656
9995657
9995658
9995659
9995660
9995661
9995662
9995663
9995664
9995665
9995666
9995667
9995668
9995669
9995670
9995671
9995672
9995673
9995674
9995675
9995676
9995677
9995678
9995679
9995680
9995681
9995682
9995683
9995684
9995685
9995686
9995687
9995688
9995689
9995690
9995691
9995692
9995693
9995694
9995695
9995696
9995697
9995698
9995699
9995700
9995701
9995702
9995703
9995704
9995705
9995706
9995707
9995708
9995709
9995710
9995711
9995712
9995713
9995714
9995715
9995716
9995717
9995718
9995719
9995720
9995721
9995722
9995723
9995724
9995725
9995726
9995727
9995728
9995729
9995730
9995731
9995732
9995733
9995734
9995735
9995736
9995737
9995738
9995739
9995740
9995741
9995742
9995743
9995744
9995745
9995746
9995747
9995748
9995749
9995750
9995751
9995752
9995753
9995754
9995755
9995756
9995757
9995758
9995759
9995760
9995761
9995762
9995763
9995764
9995765
9995766
9995767
9995768
9995769
9995770
9995771
9995772
9995773
9995774
9995775
9995776
9995777
9995778
9995779
9995780
9995781
9995782
9995783
9995784
9995785
9995786
9995787
9995788
9995789
9995790
9995791
9995792
9995793
9995794
9995795
9995796
9995797
9995798
9995799
9995800
9995801
9995802
9995803
9995804
9995805
9995806
9995807
9995808
9995809
9995810
9995811
9995812
9995813
9995814
9995815
9995816
9995817
9995818
9995819
9995820
9995821
9995822
9995823
9995824
9995825
9995826
9995827
9995828
9995829
9995830
9995831
9995832
9995833
9995834
9995835
9995836
9995837
9995838
9995839
9995840
9995841
9995842
9995843
9995844
9995845
9995846
9995847
9995848
9995849
9995850
9995851
9995852
9995853
9995854
9995855
9995856
9995857
9995858
9995859
9995860
9995861
9995862
9995863
9995864
9995865
9995866
9995867
9995868
9995869
9995870
9995871
9995872
9995873
9995874
9995875
9995876
9995877
9995878
9995879
9995880
9995881
9995882
9995883
9995884
9995885
9995886
9995887
9995888
9995889
9995890
9995891
9995892
9995893
9995894
9995895
9995896
9995897
9995898
9995899
9995900
9995901
9995902
9995903
9995904
9995905
9995906
9995907
9995908
9995909
9995910
9995911
9995912
9995913
9995914
9995915
9995916
9995917
9995918
9995919
9995920
9995921
9995922
9995923
9995924
9995925
9995926
9995927
9995928
9995929
9995930
9995931
9995932
9995933
9995934
9995935
9995936
9995937
9995938
9995939
9995940
9995941
9995942
9995943
9995944
9995945
9995946
9995947
9995948
9995949
9995950
9995951
9995952
9995953
9995954
9995955
9995956
9995957
9995958
9995959
9995960
9995961
9995962
9995963
9995964
9995965
9995966
9995967
9995968
9995969
9995970
9995971
9995972
9995973
9995974
9995975
9995976
9995977
9995978
9995979
9995980
9995981
9995982
9995983
9995984
9995985
9995986
9995987
9995988
9995989
9995990
9995991
9995992
9995993
9995994
9995995
9995996
9995997
9995998
9995999
9996000
9996001
9996002
9996003
9996004
9996005
9996006
9996007
9996008
9996009
9996010
9996011
9996012
9996013
9996014
9996015
9996016
9996017
9996018
9996019
9996020
9996021
9996022
9996023
9996024
9996025
9996026
9996027
9996028
9996029
9996030
9996031
9996032
9996033
9996034
9996035
9996036
9996037
9996038
9996039
9996040
9996041
9996042
9996043
9996044
9996045
9996046
9996047
9996048
9996049
9996050
9996051
9996052
9996053
9996054
9996055
9996056
9996057
9996058
9996059
9996060
9996061
9996062
9996063
9996064
9996065
9996066
9996067
9996068
9996069
9996070
9996071
9996072
9996073
9996074
9996075
9996076
9996077
9996078
9996079
9996080
9996081
9996082
9996083
9996084
9996085
9996086
9996087
9996088
9996089
9996090
9996091
9996092
9996093
9996094
9996095
9996096
9996097
9996098
9996099
9996100
9996101
9996102
9996103
9996104
9996105
9996106
9996107
9996108
9996109
9996110
9996111
9996112
9996113
9996114
9996115
9996116
9996117
9996118
9996119
9996120
9996121
9996122
9996123
9996124
9996125
9996126
9996127
9996128
9996129
9996130
9996131
9996132
9996133
9996134
9996135
9996136
9996137
9996138
9996139
9996140
9996141
9996142
9996143
9996144
9996145
9996146
9996147
9996148
9996149
9996150
9996151
9996152
9996153
9996154
9996155
9996156
9996157
9996158
9996159
9996160
9996161
9996162
9996163
9996164
9996165
9996166
9996167
9996168
9996169
9996170
9996171
9996172
9996173
9996174
9996175
9996176
9996177
9996178
9996179
9996180
9996181
9996182
9996183
9996184
9996185
9996186
9996187
9996188
9996189
9996190
9996191
9996192
9996193
9996194
9996195
9996196
9996197
9996198
9996199
9996200
9996201
9996202
9996203
9996204
9996205
9996206
9996207
9996208
9996209
9996210
9996211
9996212
9996213
9996214
9996215
9996216
9996217
9996218
9996219
9996220
9996221
9996222
9996223
9996224
9996225
9996226
9996227
9996228
9996229
9996230
9996231
9996232
9996233
9996234
9996235
9996236
9996237
9996238
9996239
9996240
9996241
9996242
9996243
9996244
9996245
9996246
9996247
9996248
9996249
9996250
9996251
9996252
9996253
9996254
9996255
9996256
9996257
9996258
9996259
9996260
9996261
9996262
9996263
9996264
9996265
9996266
9996267
9996268
9996269
9996270
9996271
9996272
9996273
9996274
9996275
9996276
9996277
9996278
9996279
9996280
9996281
9996282
9996283
9996284
9996285
9996286
9996287
9996288
9996289
9996290
9996291
9996292
9996293
9996294
9996295
9996296
9996297
9996298
9996299
9996300
9996301
9996302
9996303
9996304
9996305
9996306
9996307
9996308
9996309
9996310
9996311
9996312
9996313
9996314
9996315
9996316
9996317
9996318
9996319
9996320
9996321
9996322
9996323
9996324
9996325
9996326
9996327
9996328
9996329
9996330
9996331
9996332
9996333
9996334
9996335
9996336
9996337
9996338
9996339
9996340
9996341
9996342
9996343
9996344
9996345
9996346
9996347
9996348
9996349
9996350
9996351
9996352
9996353
9996354
9996355
9996356
9996357
9996358
9996359
9996360
9996361
9996362
9996363
9996364
9996365
9996366
9996367
9996368
9996369
9996370
9996371
9996372
9996373
9996374
9996375
9996376
9996377
9996378
9996379
9996380
9996381
9996382
9996383
9996384
9996385
9996386
9996387
9996388
9996389
9996390
9996391
9996392
9996393
9996394
9996395
9996396
9996397
9996398
9996399
9996400
9996401
9996402
9996403
9996404
9996405
9996406
9996407
9996408
9996409
9996410
9996411
9996412
9996413
9996414
9996415
9996416
9996417
9996418
9996419
9996420
9996421
9996422
9996423
9996424
9996425
9996426
9996427
9996428
9996429
9996430
9996431
9996432
9996433
9996434
9996435
9996436
9996437
9996438
9996439
9996440
9996441
9996442
9996443
9996444
9996445
9996446
9996447
9996448
9996449
9996450
9996451
9996452
9996453
9996454
9996455
9996456
9996457
9996458
9996459
9996460
9996461
9996462
9996463
9996464
9996465
9996466
9996467
9996468
9996469
9996470
9996471
9996472
9996473
9996474
9996475
9996476
9996477
9996478
9996479
9996480
9996481
9996482
9996483
9996484
9996485
9996486
9996487
9996488
9996489
9996490
9996491
9996492
9996493
9996494
9996495
9996496
9996497
9996498
9996499
9996500
9996501
9996502
9996503
9996504
9996505
9996506
9996507
9996508
9996509
9996510
9996511
9996512
9996513
9996514
9996515
9996516
9996517
9996518
9996519
9996520
9996521
9996522
9996523
9996524
9996525
9996526
9996527
9996528
9996529
9996530
9996531
9996532
9996533
9996534
9996535
9996536
9996537
9996538
9996539
9996540
9996541
9996542
9996543
9996544
9996545
9996546
9996547
9996548
9996549
9996550
9996551
9996552
9996553
9996554
9996555
9996556
9996557
9996558
9996559
9996560
9996561
9996562
9996563
9996564
9996565
9996566
9996567
9996568
9996569
9996570
9996571
9996572
9996573
9996574
9996575
9996576
9996577
9996578
9996579
9996580
9996581
9996582
9996583
9996584
9996585
9996586
9996587
9996588
9996589
9996590
9996591
9996592
9996593
9996594
9996595
9996596
9996597
9996598
9996599
9996600
9996601
9996602
9996603
9996604
9996605
9996606
9996607
9996608
9996609
9996610
9996611
9996612
9996613
9996614
9996615
9996616
9996617
9996618
9996619
9996620
9996621
9996622
9996623
9996624
9996625
9996626
9996627
9996628
9996629
9996630
9996631
9996632
9996633
9996634
9996635
9996636
9996637
9996638
9996639
9996640
9996641
9996642
9996643
9996644
9996645
9996646
9996647
9996648
9996649
9996650
9996651
9996652
9996653
9996654
9996655
9996656
9996657
9996658
9996659
9996660
9996661
9996662
9996663
9996664
9996665
9996666
9996667
9996668
9996669
9996670
9996671
9996672
9996673
9996674
9996675
9996676
9996677
9996678
9996679
9996680
9996681
9996682
9996683
9996684
9996685
9996686
9996687
9996688
9996689
9996690
9996691
9996692
9996693
9996694
9996695
9996696
9996697
9996698
9996699
9996700
9996701
9996702
9996703
9996704
9996705
9996706
9996707
9996708
9996709
9996710
9996711
9996712
9996713
9996714
9996715
9996716
9996717
9996718
9996719
9996720
9996721
9996722
9996723
9996724
9996725
9996726
9996727
9996728
9996729
9996730
9996731
9996732
9996733
9996734
9996735
9996736
9996737
9996738
9996739
9996740
9996741
9996742
9996743
9996744
9996745
9996746
9996747
9996748
9996749
9996750
9996751
9996752
9996753
9996754
9996755
9996756
9996757
9996758
9996759
9996760
9996761
9996762
9996763
9996764
9996765
9996766
9996767
9996768
9996769
9996770
9996771
9996772
9996773
9996774
9996775
9996776
9996777
9996778
9996779
9996780
9996781
9996782
9996783
9996784
9996785
9996786
9996787
9996788
9996789
9996790
9996791
9996792
9996793
9996794
9996795
9996796
9996797
9996798
9996799
9996800
9996801
9996802
9996803
9996804
9996805
9996806
9996807
9996808
9996809
9996810
9996811
9996812
9996813
9996814
9996815
9996816
9996817
9996818
9996819
9996820
9996821
9996822
9996823
9996824
9996825
9996826
9996827
9996828
9996829
9996830
9996831
9996832
9996833
9996834
9996835
9996836
9996837
9996838
9996839
9996840
9996841
9996842
9996843
9996844
9996845
9996846
9996847
9996848
9996849
9996850
9996851
9996852
9996853
9996854
9996855
9996856
9996857
9996858
9996859
9996860
9996861
9996862
9996863
9996864
9996865
9996866
9996867
9996868
9996869
9996870
9996871
9996872
9996873
9996874
9996875
9996876
9996877
9996878
9996879
9996880
9996881
9996882
9996883
9996884
9996885
9996886
9996887
9996888
9996889
9996890
9996891
9996892
9996893
9996894
9996895
9996896
9996897
9996898
9996899
9996900
9996901
9996902
9996903
9996904
9996905
9996906
9996907
9996908
9996909
9996910
9996911
9996912
9996913
9996914
9996915
9996916
9996917
9996918
9996919
9996920
9996921
9996922
9996923
9996924
9996925
9996926
9996927
9996928
9996929
9996930
9996931
9996932
9996933
9996934
9996935
9996936
9996937
9996938
9996939
9996940
9996941
9996942
9996943
9996944
9996945
9996946
9996947
9996948
9996949
9996950
9996951
9996952
9996953
9996954
9996955
9996956
9996957
9996958
9996959
9996960
9996961
9996962
9996963
9996964
9996965
9996966
9996967
9996968
9996969
9996970
9996971
9996972
9996973
9996974
9996975
9996976
9996977
9996978
9996979
9996980
9996981
9996982
9996983
9996984
9996985
9996986
9996987
9996988
9996989
9996990
9996991
9996992
9996993
9996994
9996995
9996996
9996997
9996998
9996999
9997000
9997001
9997002
9997003
9997004
9997005
9997006
9997007
9997008
9997009
9997010
9997011
9997012
9997013
9997014
9997015
9997016
9997017
9997018
9997019
9997020
9997021
9997022
9997023
9997024
9997025
9997026
9997027
9997028
9997029
9997030
9997031
9997032
9997033
9997034
9997035
9997036
9997037
9997038
9997039
9997040
9997041
9997042
9997043
9997044
9997045
9997046
9997047
9997048
9997049
9997050
9997051
9997052
9997053
9997054
9997055
9997056
9997057
9997058
9997059
9997060
9997061
9997062
9997063
9997064
9997065
9997066
9997067
9997068
9997069
9997070
9997071
9997072
9997073
9997074
9997075
9997076
9997077
9997078
9997079
9997080
9997081
9997082
9997083
9997084
9997085
9997086
9997087
9997088
9997089
9997090
9997091
9997092
9997093
9997094
9997095
9997096
9997097
9997098
9997099
9997100
9997101
9997102
9997103
9997104
9997105
9997106
9997107
9997108
9997109
9997110
9997111
9997112
9997113
9997114
9997115
9997116
9997117
9997118
9997119
9997120
9997121
9997122
9997123
9997124
9997125
9997126
9997127
9997128
9997129
9997130
9997131
9997132
9997133
9997134
9997135
9997136
9997137
9997138
9997139
9997140
9997141
9997142
9997143
9997144
9997145
9997146
9997147
9997148
9997149
9997150
9997151
9997152
9997153
9997154
9997155
9997156
9997157
9997158
9997159
9997160
9997161
9997162
9997163
9997164
9997165
9997166
9997167
9997168
9997169
9997170
9997171
9997172
9997173
9997174
9997175
9997176
9997177
9997178
9997179
9997180
9997181
9997182
9997183
9997184
9997185
9997186
9997187
9997188
9997189
9997190
9997191
9997192
9997193
9997194
9997195
9997196
9997197
9997198
9997199
9997200
9997201
9997202
9997203
9997204
9997205
9997206
9997207
9997208
9997209
9997210
9997211
9997212
9997213
9997214
9997215
9997216
9997217
9997218
9997219
9997220
9997221
9997222
9997223
9997224
9997225
9997226
9997227
9997228
9997229
9997230
9997231
9997232
9997233
9997234
9997235
9997236
9997237
9997238
9997239
9997240
9997241
9997242
9997243
9997244
9997245
9997246
9997247
9997248
9997249
9997250
9997251
9997252
9997253
9997254
9997255
9997256
9997257
9997258
9997259
9997260
9997261
9997262
9997263
9997264
9997265
9997266
9997267
9997268
9997269
9997270
9997271
9997272
9997273
9997274
9997275
9997276
9997277
9997278
9997279
9997280
9997281
9997282
9997283
9997284
9997285
9997286
9997287
9997288
9997289
9997290
9997291
9997292
9997293
9997294
9997295
9997296
9997297
9997298
9997299
9997300
9997301
9997302
9997303
9997304
9997305
9997306
9997307
9997308
9997309
9997310
9997311
9997312
9997313
9997314
9997315
9997316
9997317
9997318
9997319
9997320
9997321
9997322
9997323
9997324
9997325
9997326
9997327
9997328
9997329
9997330
9997331
9997332
9997333
9997334
9997335
9997336
9997337
9997338
9997339
9997340
9997341
9997342
9997343
9997344
9997345
9997346
9997347
9997348
9997349
9997350
9997351
9997352
9997353
9997354
9997355
9997356
9997357
9997358
9997359
9997360
9997361
9997362
9997363
9997364
9997365
9997366
9997367
9997368
9997369
9997370
9997371
9997372
9997373
9997374
9997375
9997376
9997377
9997378
9997379
9997380
9997381
9997382
9997383
9997384
9997385
9997386
9997387
9997388
9997389
9997390
9997391
9997392
9997393
9997394
9997395
9997396
9997397
9997398
9997399
9997400
9997401
9997402
9997403
9997404
9997405
9997406
9997407
9997408
9997409
9997410
9997411
9997412
9997413
9997414
9997415
9997416
9997417
9997418
9997419
9997420
9997421
9997422
9997423
9997424
9997425
9997426
9997427
9997428
9997429
9997430
9997431
9997432
9997433
9997434
9997435
9997436
9997437
9997438
9997439
9997440
9997441
9997442
9997443
9997444
9997445
9997446
9997447
9997448
9997449
9997450
9997451
9997452
9997453
9997454
9997455
9997456
9997457
9997458
9997459
9997460
9997461
9997462
9997463
9997464
9997465
9997466
9997467
9997468
9997469
9997470
9997471
9997472
9997473
9997474
9997475
9997476
9997477
9997478
9997479
9997480
9997481
9997482
9997483
9997484
9997485
9997486
9997487
9997488
9997489
9997490
9997491
9997492
9997493
9997494
9997495
9997496
9997497
9997498
9997499
9997500
9997501
9997502
9997503
9997504
9997505
9997506
9997507
9997508
9997509
9997510
9997511
9997512
9997513
9997514
9997515
9997516
9997517
9997518
9997519
9997520
9997521
9997522
9997523
9997524
9997525
9997526
9997527
9997528
9997529
9997530
9997531
9997532
9997533
9997534
9997535
9997536
9997537
9997538
9997539
9997540
9997541
9997542
9997543
9997544
9997545
9997546
9997547
9997548
9997549
9997550
9997551
9997552
9997553
9997554
9997555
9997556
9997557
9997558
9997559
9997560
9997561
9997562
9997563
9997564
9997565
9997566
9997567
9997568
9997569
9997570
9997571
9997572
9997573
9997574
9997575
9997576
9997577
9997578
9997579
9997580
9997581
9997582
9997583
9997584
9997585
9997586
9997587
9997588
9997589
9997590
9997591
9997592
9997593
9997594
9997595
9997596
9997597
9997598
9997599
9997600
9997601
9997602
9997603
9997604
9997605
9997606
9997607
9997608
9997609
9997610
9997611
9997612
9997613
9997614
9997615
9997616
9997617
9997618
9997619
9997620
9997621
9997622
9997623
9997624
9997625
9997626
9997627
9997628
9997629
9997630
9997631
9997632
9997633
9997634
9997635
9997636
9997637
9997638
9997639
9997640
9997641
9997642
9997643
9997644
9997645
9997646
9997647
9997648
9997649
9997650
9997651
9997652
9997653
9997654
9997655
9997656
9997657
9997658
9997659
9997660
9997661
9997662
9997663
9997664
9997665
9997666
9997667
9997668
9997669
9997670
9997671
9997672
9997673
9997674
9997675
9997676
9997677
9997678
9997679
9997680
9997681
9997682
9997683
9997684
9997685
9997686
9997687
9997688
9997689
9997690
9997691
9997692
9997693
9997694
9997695
9997696
9997697
9997698
9997699
9997700
9997701
9997702
9997703
9997704
9997705
9997706
9997707
9997708
9997709
9997710
9997711
9997712
9997713
9997714
9997715
9997716
9997717
9997718
9997719
9997720
9997721
9997722
9997723
9997724
9997725
9997726
9997727
9997728
9997729
9997730
9997731
9997732
9997733
9997734
9997735
9997736
9997737
9997738
9997739
9997740
9997741
9997742
9997743
9997744
9997745
9997746
9997747
9997748
9997749
9997750
9997751
9997752
9997753
9997754
9997755
9997756
9997757
9997758
9997759
9997760
9997761
9997762
9997763
9997764
9997765
9997766
9997767
9997768
9997769
9997770
9997771
9997772
9997773
9997774
9997775
9997776
9997777
9997778
9997779
9997780
9997781
9997782
9997783
9997784
9997785
9997786
9997787
9997788
9997789
9997790
9997791
9997792
9997793
9997794
9997795
9997796
9997797
9997798
9997799
9997800
9997801
9997802
9997803
9997804
9997805
9997806
9997807
9997808
9997809
9997810
9997811
9997812
9997813
9997814
9997815
9997816
9997817
9997818
9997819
9997820
9997821
9997822
9997823
9997824
9997825
9997826
9997827
9997828
9997829
9997830
9997831
9997832
9997833
9997834
9997835
9997836
9997837
9997838
9997839
9997840
9997841
9997842
9997843
9997844
9997845
9997846
9997847
9997848
9997849
9997850
9997851
9997852
9997853
9997854
9997855
9997856
9997857
9997858
9997859
9997860
9997861
9997862
9997863
9997864
9997865
9997866
9997867
9997868
9997869
9997870
9997871
9997872
9997873
9997874
9997875
9997876
9997877
9997878
9997879
9997880
9997881
9997882
9997883
9997884
9997885
9997886
9997887
9997888
9997889
9997890
9997891
9997892
9997893
9997894
9997895
9997896
9997897
9997898
9997899
9997900
9997901
9997902
9997903
9997904
9997905
9997906
9997907
9997908
9997909
9997910
9997911
9997912
9997913
9997914
9997915
9997916
9997917
9997918
9997919
9997920
9997921
9997922
9997923
9997924
9997925
9997926
9997927
9997928
9997929
9997930
9997931
9997932
9997933
9997934
9997935
9997936
9997937
9997938
9997939
9997940
9997941
9997942
9997943
9997944
9997945
9997946
9997947
9997948
9997949
9997950
9997951
9997952
9997953
9997954
9997955
9997956
9997957
9997958
9997959
9997960
9997961
9997962
9997963
9997964
9997965
9997966
9997967
9997968
9997969
9997970
9997971
9997972
9997973
9997974
9997975
9997976
9997977
9997978
9997979
9997980
9997981
9997982
9997983
9997984
9997985
9997986
9997987
9997988
9997989
9997990
9997991
9997992
9997993
9997994
9997995
9997996
9997997
9997998
9997999
9998000
9998001
9998002
9998003
9998004
9998005
9998006
9998007
9998008
9998009
9998010
9998011
9998012
9998013
9998014
9998015
9998016
9998017
9998018
9998019
9998020
9998021
9998022
9998023
9998024
9998025
9998026
9998027
9998028
9998029
9998030
9998031
9998032
9998033
9998034
9998035
9998036
9998037
9998038
9998039
9998040
9998041
9998042
9998043
9998044
9998045
9998046
9998047
9998048
9998049
9998050
9998051
9998052
9998053
9998054
9998055
9998056
9998057
9998058
9998059
9998060
9998061
9998062
9998063
9998064
9998065
9998066
9998067
9998068
9998069
9998070
9998071
9998072
9998073
9998074
9998075
9998076
9998077
9998078
9998079
9998080
9998081
9998082
9998083
9998084
9998085
9998086
9998087
9998088
9998089
9998090
9998091
9998092
9998093
9998094
9998095
9998096
9998097
9998098
9998099
9998100
9998101
9998102
9998103
9998104
9998105
9998106
9998107
9998108
9998109
9998110
9998111
9998112
9998113
9998114
9998115
9998116
9998117
9998118
9998119
9998120
9998121
9998122
9998123
9998124
9998125
9998126
9998127
9998128
9998129
9998130
9998131
9998132
9998133
9998134
9998135
9998136
9998137
9998138
9998139
9998140
9998141
9998142
9998143
9998144
9998145
9998146
9998147
9998148
9998149
9998150
9998151
9998152
9998153
9998154
9998155
9998156
9998157
9998158
9998159
9998160
9998161
9998162
9998163
9998164
9998165
9998166
9998167
9998168
9998169
9998170
9998171
9998172
9998173
9998174
9998175
9998176
9998177
9998178
9998179
9998180
9998181
9998182
9998183
9998184
9998185
9998186
9998187
9998188
9998189
9998190
9998191
9998192
9998193
9998194
9998195
9998196
9998197
9998198
9998199
9998200
9998201
9998202
9998203
9998204
9998205
9998206
9998207
9998208
9998209
9998210
9998211
9998212
9998213
9998214
9998215
9998216
9998217
9998218
9998219
9998220
9998221
9998222
9998223
9998224
9998225
9998226
9998227
9998228
9998229
9998230
9998231
9998232
9998233
9998234
9998235
9998236
9998237
9998238
9998239
9998240
9998241
9998242
9998243
9998244
9998245
9998246
9998247
9998248
9998249
9998250
9998251
9998252
9998253
9998254
9998255
9998256
9998257
9998258
9998259
9998260
9998261
9998262
9998263
9998264
9998265
9998266
9998267
9998268
9998269
9998270
9998271
9998272
9998273
9998274
9998275
9998276
9998277
9998278
9998279
9998280
9998281
9998282
9998283
9998284
9998285
9998286
9998287
9998288
9998289
9998290
9998291
9998292
9998293
9998294
9998295
9998296
9998297
9998298
9998299
9998300
9998301
9998302
9998303
9998304
9998305
9998306
9998307
9998308
9998309
9998310
9998311
9998312
9998313
9998314
9998315
9998316
9998317
9998318
9998319
9998320
9998321
9998322
9998323
9998324
9998325
9998326
9998327
9998328
9998329
9998330
9998331
9998332
9998333
9998334
9998335
9998336
9998337
9998338
9998339
9998340
9998341
9998342
9998343
9998344
9998345
9998346
9998347
9998348
9998349
9998350
9998351
9998352
9998353
9998354
9998355
9998356
9998357
9998358
9998359
9998360
9998361
9998362
9998363
9998364
9998365
9998366
9998367
9998368
9998369
9998370
9998371
9998372
9998373
9998374
9998375
9998376
9998377
9998378
9998379
9998380
9998381
9998382
9998383
9998384
9998385
9998386
9998387
9998388
9998389
9998390
9998391
9998392
9998393
9998394
9998395
9998396
9998397
9998398
9998399
9998400
9998401
9998402
9998403
9998404
9998405
9998406
9998407
9998408
9998409
9998410
9998411
9998412
9998413
9998414
9998415
9998416
9998417
9998418
9998419
9998420
9998421
9998422
9998423
9998424
9998425
9998426
9998427
9998428
9998429
9998430
9998431
9998432
9998433
9998434
9998435
9998436
9998437
9998438
9998439
9998440
9998441
9998442
9998443
9998444
9998445
9998446
9998447
9998448
9998449
9998450
9998451
9998452
9998453
9998454
9998455
9998456
9998457
9998458
9998459
9998460
9998461
9998462
9998463
9998464
9998465
9998466
9998467
9998468
9998469
9998470
9998471
9998472
9998473
9998474
9998475
9998476
9998477
9998478
9998479
9998480
9998481
9998482
9998483
9998484
9998485
9998486
9998487
9998488
9998489
9998490
9998491
9998492
9998493
9998494
9998495
9998496
9998497
9998498
9998499
9998500
9998501
9998502
9998503
9998504
9998505
9998506
9998507
9998508
9998509
9998510
9998511
9998512
9998513
9998514
9998515
9998516
9998517
9998518
9998519
9998520
9998521
9998522
9998523
9998524
9998525
9998526
9998527
9998528
9998529
9998530
9998531
9998532
9998533
9998534
9998535
9998536
9998537
9998538
9998539
9998540
9998541
9998542
9998543
9998544
9998545
9998546
9998547
9998548
9998549
9998550
9998551
9998552
9998553
9998554
9998555
9998556
9998557
9998558
9998559
9998560
9998561
9998562
9998563
9998564
9998565
9998566
9998567
9998568
9998569
9998570
9998571
9998572
9998573
9998574
9998575
9998576
9998577
9998578
9998579
9998580
9998581
9998582
9998583
9998584
9998585
9998586
9998587
9998588
9998589
9998590
9998591
9998592
9998593
9998594
9998595
9998596
9998597
9998598
9998599
9998600
9998601
9998602
9998603
9998604
9998605
9998606
9998607
9998608
9998609
9998610
9998611
9998612
9998613
9998614
9998615
9998616
9998617
9998618
9998619
9998620
9998621
9998622
9998623
9998624
9998625
9998626
9998627
9998628
9998629
9998630
9998631
9998632
9998633
9998634
9998635
9998636
9998637
9998638
9998639
9998640
9998641
9998642
9998643
9998644
9998645
9998646
9998647
9998648
9998649
9998650
9998651
9998652
9998653
9998654
9998655
9998656
9998657
9998658
9998659
9998660
9998661
9998662
9998663
9998664
9998665
9998666
9998667
9998668
9998669
9998670
9998671
9998672
9998673
9998674
9998675
9998676
9998677
9998678
9998679
9998680
9998681
9998682
9998683
9998684
9998685
9998686
9998687
9998688
9998689
9998690
9998691
9998692
9998693
9998694
9998695
9998696
9998697
9998698
9998699
9998700
9998701
9998702
9998703
9998704
9998705
9998706
9998707
9998708
9998709
9998710
9998711
9998712
9998713
9998714
9998715
9998716
9998717
9998718
9998719
9998720
9998721
9998722
9998723
9998724
9998725
9998726
9998727
9998728
9998729
9998730
9998731
9998732
9998733
9998734
9998735
9998736
9998737
9998738
9998739
9998740
9998741
9998742
9998743
9998744
9998745
9998746
9998747
9998748
9998749
9998750
9998751
9998752
9998753
9998754
9998755
9998756
9998757
9998758
9998759
9998760
9998761
9998762
9998763
9998764
9998765
9998766
9998767
9998768
9998769
9998770
9998771
9998772
9998773
9998774
9998775
9998776
9998777
9998778
9998779
9998780
9998781
9998782
9998783
9998784
9998785
9998786
9998787
9998788
9998789
9998790
9998791
9998792
9998793
9998794
9998795
9998796
9998797
9998798
9998799
9998800
9998801
9998802
9998803
9998804
9998805
9998806
9998807
9998808
9998809
9998810
9998811
9998812
9998813
9998814
9998815
9998816
9998817
9998818
9998819
9998820
9998821
9998822
9998823
9998824
9998825
9998826
9998827
9998828
9998829
9998830
9998831
9998832
9998833
9998834
9998835
9998836
9998837
9998838
9998839
9998840
9998841
9998842
9998843
9998844
9998845
9998846
9998847
9998848
9998849
9998850
9998851
9998852
9998853
9998854
9998855
9998856
9998857
9998858
9998859
9998860
9998861
9998862
9998863
9998864
9998865
9998866
9998867
9998868
9998869
9998870
9998871
9998872
9998873
9998874
9998875
9998876
9998877
9998878
9998879
9998880
9998881
9998882
9998883
9998884
9998885
9998886
9998887
9998888
9998889
9998890
9998891
9998892
9998893
9998894
9998895
9998896
9998897
9998898
9998899
9998900
9998901
9998902
9998903
9998904
9998905
9998906
9998907
9998908
9998909
9998910
9998911
9998912
9998913
9998914
9998915
9998916
9998917
9998918
9998919
9998920
9998921
9998922
9998923
9998924
9998925
9998926
9998927
9998928
9998929
9998930
9998931
9998932
9998933
9998934
9998935
9998936
9998937
9998938
9998939
9998940
9998941
9998942
9998943
9998944
9998945
9998946
9998947
9998948
9998949
9998950
9998951
9998952
9998953
9998954
9998955
9998956
9998957
9998958
9998959
9998960
9998961
9998962
9998963
9998964
9998965
9998966
9998967
9998968
9998969
9998970
9998971
9998972
9998973
9998974
9998975
9998976
9998977
9998978
9998979
9998980
9998981
9998982
9998983
9998984
9998985
9998986
9998987
9998988
9998989
9998990
9998991
9998992
9998993
9998994
9998995
9998996
9998997
9998998
9998999
9999000
9999001
9999002
9999003
9999004
9999005
9999006
9999007
9999008
9999009
9999010
9999011
9999012
9999013
9999014
9999015
9999016
9999017
9999018
9999019
9999020
9999021
9999022
9999023
9999024
9999025
9999026
9999027
9999028
9999029
9999030
9999031
9999032
9999033
9999034
9999035
9999036
9999037
9999038
9999039
9999040
9999041
9999042
9999043
9999044
9999045
9999046
9999047
9999048
9999049
9999050
9999051
9999052
9999053
9999054
9999055
9999056
9999057
9999058
9999059
9999060
9999061
9999062
9999063
9999064
9999065
9999066
9999067
9999068
9999069
9999070
9999071
9999072
9999073
9999074
9999075
9999076
9999077
9999078
9999079
9999080
9999081
9999082
9999083
9999084
9999085
9999086
9999087
9999088
9999089
9999090
9999091
9999092
9999093
9999094
9999095
9999096
9999097
9999098
9999099
9999100
9999101
9999102
9999103
9999104
9999105
9999106
9999107
9999108
9999109
9999110
9999111
9999112
9999113
9999114
9999115
9999116
9999117
9999118
9999119
9999120
9999121
9999122
9999123
9999124
9999125
9999126
9999127
9999128
9999129
9999130
9999131
9999132
9999133
9999134
9999135
9999136
9999137
9999138
9999139
9999140
9999141
9999142
9999143
9999144
9999145
9999146
9999147
9999148
9999149
9999150
9999151
9999152
9999153
9999154
9999155
9999156
9999157
9999158
9999159
9999160
9999161
9999162
9999163
9999164
9999165
9999166
9999167
9999168
9999169
9999170
9999171
9999172
9999173
9999174
9999175
9999176
9999177
9999178
9999179
9999180
9999181
9999182
9999183
9999184
9999185
9999186
9999187
9999188
9999189
9999190
9999191
9999192
9999193
9999194
9999195
9999196
9999197
9999198
9999199
9999200
9999201
9999202
9999203
9999204
9999205
9999206
9999207
9999208
9999209
9999210
9999211
9999212
9999213
9999214
9999215
9999216
9999217
9999218
9999219
9999220
9999221
9999222
9999223
9999224
9999225
9999226
9999227
9999228
9999229
9999230
9999231
9999232
9999233
9999234
9999235
9999236
9999237
9999238
9999239
9999240
9999241
9999242
9999243
9999244
9999245
9999246
9999247
9999248
9999249
9999250
9999251
9999252
9999253
9999254
9999255
9999256
9999257
9999258
9999259
9999260
9999261
9999262
9999263
9999264
9999265
9999266
9999267
9999268
9999269
9999270
9999271
9999272
9999273
9999274
9999275
9999276
9999277
9999278
9999279
9999280
9999281
9999282
9999283
9999284
9999285
9999286
9999287
9999288
9999289
9999290
9999291
9999292
9999293
9999294
9999295
9999296
9999297
9999298
9999299
9999300
9999301
9999302
9999303
9999304
9999305
9999306
9999307
9999308
9999309
9999310
9999311
9999312
9999313
9999314
9999315
9999316
9999317
9999318
9999319
9999320
9999321
9999322
9999323
9999324
9999325
9999326
9999327
9999328
9999329
9999330
9999331
9999332
9999333
9999334
9999335
9999336
9999337
9999338
9999339
9999340
9999341
9999342
9999343
9999344
9999345
9999346
9999347
9999348
9999349
9999350
9999351
9999352
9999353
9999354
9999355
9999356
9999357
9999358
9999359
9999360
9999361
9999362
9999363
9999364
9999365
9999366
9999367
9999368
9999369
9999370
9999371
9999372
9999373
9999374
9999375
9999376
9999377
9999378
9999379
9999380
9999381
9999382
9999383
9999384
9999385
9999386
9999387
9999388
9999389
9999390
9999391
9999392
9999393
9999394
9999395
9999396
9999397
9999398
9999399
9999400
9999401
9999402
9999403
9999404
9999405
9999406
9999407
9999408
9999409
9999410
9999411
9999412
9999413
9999414
9999415
9999416
9999417
9999418
9999419
9999420
9999421
9999422
9999423
9999424
9999425
9999426
9999427
9999428
9999429
9999430
9999431
9999432
9999433
9999434
9999435
9999436
9999437
9999438
9999439
9999440
9999441
9999442
9999443
9999444
9999445
9999446
9999447
9999448
9999449
9999450
9999451
9999452
9999453
9999454
9999455
9999456
9999457
9999458
9999459
9999460
9999461
9999462
9999463
9999464
9999465
9999466
9999467
9999468
9999469
9999470
9999471
9999472
9999473
9999474
9999475
9999476
9999477
9999478
9999479
9999480
9999481
9999482
9999483
9999484
9999485
9999486
9999487
9999488
9999489
9999490
9999491
9999492
9999493
9999494
9999495
9999496
9999497
9999498
9999499
9999500
9999501
9999502
9999503
9999504
9999505
9999506
9999507
9999508
9999509
9999510
9999511
9999512
9999513
9999514
9999515
9999516
9999517
9999518
9999519
9999520
9999521
9999522
9999523
9999524
9999525
9999526
9999527
9999528
9999529
9999530
9999531
9999532
9999533
9999534
9999535
9999536
9999537
9999538
9999539
9999540
9999541
9999542
9999543
9999544
9999545
9999546
9999547
9999548
9999549
9999550
9999551
9999552
9999553
9999554
9999555
9999556
9999557
9999558
9999559
9999560
9999561
9999562
9999563
9999564
9999565
9999566
9999567
9999568
9999569
9999570
9999571
9999572
9999573
9999574
9999575
9999576
9999577
9999578
9999579
9999580
9999581
9999582
9999583
9999584
9999585
9999586
9999587
9999588
9999589
9999590
9999591
9999592
9999593
9999594
9999595
9999596
9999597
9999598
9999599
9999600
9999601
9999602
9999603
9999604
9999605
9999606
9999607
9999608
9999609
9999610
9999611
9999612
9999613
9999614
9999615
9999616
9999617
9999618
9999619
9999620
9999621
9999622
9999623
9999624
9999625
9999626
9999627
9999628
9999629
9999630
9999631
9999632
9999633
9999634
9999635
9999636
9999637
9999638
9999639
9999640
9999641
9999642
9999643
9999644
9999645
9999646
9999647
9999648
9999649
9999650
9999651
9999652
9999653
9999654
9999655
9999656
9999657
9999658
9999659
9999660
9999661
9999662
9999663
9999664
9999665
9999666
9999667
9999668
9999669
9999670
9999671
9999672
9999673
9999674
9999675
9999676
9999677
9999678
9999679
9999680
9999681
9999682
9999683
9999684
9999685
9999686
9999687
9999688
9999689
9999690
9999691
9999692
9999693
9999694
9999695
9999696
9999697
9999698
9999699
9999700
9999701
9999702
9999703
9999704
9999705
9999706
9999707
9999708
9999709
9999710
9999711
9999712
9999713
9999714
9999715
9999716
9999717
9999718
9999719
9999720
9999721
9999722
9999723
9999724
9999725
9999726
9999727
9999728
9999729
9999730
9999731
9999732
9999733
9999734
9999735
9999736
9999737
9999738
9999739
9999740
9999741
9999742
9999743
9999744
9999745
9999746
9999747
9999748
9999749
9999750
9999751
9999752
9999753
9999754
9999755
9999756
9999757
9999758
9999759
9999760
9999761
9999762
9999763
9999764
9999765
9999766
9999767
9999768
9999769
9999770
9999771
9999772
9999773
9999774
9999775
9999776
9999777
9999778
9999779
9999780
9999781
9999782
9999783
9999784
9999785
9999786
9999787
9999788
9999789
9999790
9999791
9999792
9999793
9999794
9999795
9999796
9999797
9999798
9999799
9999800
9999801
9999802
9999803
9999804
9999805
9999806
9999807
9999808
9999809
9999810
9999811
9999812
9999813
9999814
9999815
9999816
9999817
9999818
9999819
9999820
9999821
9999822
9999823
9999824
9999825
9999826
9999827
9999828
9999829
9999830
9999831
9999832
9999833
9999834
9999835
9999836
9999837
9999838
9999839
9999840
9999841
9999842
9999843
9999844
9999845
9999846
9999847
9999848
9999849
9999850
9999851
9999852
9999853
9999854
9999855
9999856
9999857
9999858
9999859
9999860
9999861
9999862
9999863
9999864
9999865
9999866
9999867
9999868
9999869
9999870
9999871
9999872
9999873
9999874
9999875
9999876
9999877
9999878
9999879
9999880
9999881
9999882
9999883
9999884
9999885
9999886
9999887
9999888
9999889
9999890
9999891
9999892
9999893
9999894
9999895
9999896
9999897
9999898
9999899
9999900
9999901
9999902
9999903
9999904
9999905
9999906
9999907
9999908
9999909
9999910
9999911
9999912
9999913
9999914
9999915
9999916
9999917
9999918
9999919
9999920
9999921
9999922
9999923
9999924
9999925
9999926
9999927
9999928
9999929
9999930
9999931
9999932
9999933
9999934
9999935
9999936
9999937
9999938
9999939
9999940
9999941
9999942
9999943
9999944
9999945
9999946
9999947
9999948
9999949
9999950
9999951
9999952
9999953
9999954
9999955
9999956
9999957
9999958
9999959
9999960
9999961
9999962
9999963
9999964
9999965
9999966
9999967
9999968
9999969
9999970
9999971
9999972
9999973
9999974
9999975
9999976
9999977
9999978
9999979
9999980
9999981
9999982
9999983
9999984
9999985
9999986
9999987
9999988
9999989
9999990
9999991
9999992
9999993
9999994
9999995
9999996
9999997
9999998
9999999
10000000
10000001
10000002
10000003
10000004
10000005
10000006
10000007
10000008
10000009
10000010
10000011
10000012
10000013
10000014
10000015
10000016
10000017
10000018
10000019
10000020
10000021
10000022
10000023
10000024
10000025
10000026
10000027
10000028
10000029
10000030
10000031
10000032
10000033
10000034
10000035
10000036
10000037
10000038
10000039
10000040
10000041
10000042
10000043
10000044
10000045
10000046
10000047
10000048
10000049
10000050
10000051
10000052
10000053
10000054
10000055
10000056
10000057
10000058
10000059
10000060
10000061
10000062
10000063
10000064
10000065
10000066
10000067
10000068
10000069
10000070
10000071
10000072
10000073
10000074
10000075
10000076
10000077
10000078
10000079
10000080
10000081
10000082
10000083
10000084
10000085
10000086
10000087
10000088
10000089
10000090
10000091
10000092
10000093
10000094
10000095
10000096
10000097
10000098
10000099
10000100
10000101
10000102
10000103
10000104
10000105
10000106
10000107
10000108
10000109
10000110
10000111
10000112
10000113
10000114
10000115
10000116
10000117
10000118
10000119
10000120
10000121
10000122
10000123
10000124
10000125
10000126
10000127
10000128
10000129
10000130
10000131
10000132
10000133
10000134
10000135
10000136
10000137
10000138
10000139
10000140
10000141
10000142
10000143
10000144
10000145
10000146
10000147
10000148
10000149
10000150
10000151
10000152
10000153
10000154
10000155
10000156
10000157
10000158
10000159
10000160
10000161
10000162
10000163
10000164
10000165
10000166
10000167
10000168
10000169
10000170
10000171
10000172
10000173
10000174
10000175
10000176
10000177
10000178
10000179
10000180
10000181
10000182
10000183
10000184
10000185
10000186
10000187
10000188
10000189
10000190
10000191
10000192
10000193
10000194
10000195
10000196
10000197
10000198
10000199
10000200
10000201
10000202
10000203
10000204
10000205
10000206
10000207
10000208
10000209
10000210
10000211
10000212
10000213
10000214
10000215
10000216
10000217
10000218
10000219
10000220
10000221
10000222
10000223
10000224
10000225
10000226
10000227
10000228
10000229
10000230
10000231
10000232
10000233
10000234
10000235
10000236
10000237
10000238
10000239
10000240
10000241
10000242
10000243
10000244
10000245
10000246
10000247
10000248
10000249
10000250
10000251
10000252
10000253
10000254
10000255
10000256
10000257
10000258
10000259
10000260
10000261
10000262
10000263
10000264
10000265
10000266
10000267
10000268
10000269
10000270
10000271
10000272
10000273
10000274
10000275
10000276
10000277
10000278
10000279
10000280
10000281
10000282
10000283
10000284
10000285
10000286
10000287
10000288
10000289
10000290
10000291
10000292
10000293
10000294
10000295
10000296
10000297
10000298
10000299
10000300
10000301
10000302
10000303
10000304
10000305
10000306
10000307
10000308
10000309
10000310
10000311
10000312
10000313
10000314
10000315
10000316
10000317
10000318
10000319
10000320
10000321
10000322
10000323
10000324
10000325
10000326
10000327
10000328
10000329
10000330
10000331
10000332
10000333
10000334
10000335
10000336
10000337
10000338
10000339
10000340
10000341
10000342
10000343
10000344
10000345
10000346
10000347
10000348
10000349
10000350
10000351
10000352
10000353
10000354
10000355
10000356
10000357
10000358
10000359
10000360
10000361
10000362
10000363
10000364
10000365
10000366
10000367
10000368
10000369
10000370
10000371
10000372
10000373
10000374
10000375
10000376
10000377
10000378
10000379
10000380
10000381
10000382
10000383
10000384
10000385
10000386
10000387
10000388
10000389
10000390
10000391
10000392
10000393
10000394
10000395
10000396
10000397
10000398
10000399
10000400
10000401
10000402
10000403
10000404
10000405
10000406
10000407
10000408
10000409
10000410
10000411
10000412
10000413
10000414
10000415
10000416
10000417
10000418
10000419
10000420
10000421
10000422
10000423
10000424
10000425
10000426
10000427
10000428
10000429
10000430
10000431
10000432
10000433
10000434
10000435
10000436
10000437
10000438
10000439
10000440
10000441
10000442
10000443
10000444
10000445
10000446
10000447
10000448
10000449
10000450
10000451
10000452
10000453
10000454
10000455
10000456
10000457
10000458
10000459
10000460
10000461
10000462
10000463
10000464
10000465
10000466
10000467
10000468
10000469
10000470
10000471
10000472
10000473
10000474
10000475
10000476
10000477
10000478
10000479
10000480
10000481
10000482
10000483
10000484
10000485
10000486
10000487
10000488
10000489
10000490
10000491
10000492
10000493
10000494
10000495
10000496
10000497
10000498
10000499
10000500
10000501
10000502
10000503
10000504
10000505
10000506
10000507
10000508
10000509
10000510
10000511
10000512
10000513
10000514
10000515
10000516
10000517
10000518
10000519
10000520
10000521
10000522
10000523
10000524
10000525
10000526
10000527
10000528
10000529
10000530
10000531
10000532
10000533
10000534
10000535
10000536
10000537
10000538
10000539
10000540
10000541
10000542
10000543
10000544
10000545
10000546
10000547
10000548
10000549
10000550
10000551
10000552
10000553
10000554
10000555
10000556
10000557
10000558
10000559
10000560
10000561
10000562
10000563
10000564
10000565
10000566
10000567
10000568
10000569
10000570
10000571
10000572
10000573
10000574
10000575
10000576
10000577
10000578
10000579
10000580
10000581
10000582
10000583
10000584
10000585
10000586
10000587
10000588
10000589
10000590
10000591
10000592
10000593
10000594
10000595
10000596
10000597
10000598
10000599
10000600
10000601
10000602
10000603
10000604
10000605
10000606
10000607
10000608
10000609
10000610
10000611
10000612
10000613
10000614
10000615
10000616
10000617
10000618
10000619
10000620
10000621
10000622
10000623
10000624
10000625
10000626
10000627
10000628
10000629
10000630
10000631
10000632
10000633
10000634
10000635
10000636
10000637
10000638
10000639
10000640
10000641
10000642
10000643
10000644
10000645
10000646
10000647
10000648
10000649
10000650
10000651
10000652
10000653
10000654
10000655
10000656
10000657
10000658
10000659
10000660
10000661
10000662
10000663
10000664
10000665
10000666
10000667
10000668
10000669
10000670
10000671
10000672
10000673
10000674
10000675
10000676
10000677
10000678
10000679
10000680
10000681
10000682
10000683
10000684
10000685
10000686
10000687
10000688
10000689
10000690
10000691
10000692
10000693
10000694
10000695
10000696
10000697
10000698
10000699
10000700
10000701
10000702
10000703
10000704
10000705
10000706
10000707
10000708
10000709
10000710
10000711
10000712
10000713
10000714
10000715
10000716
10000717
10000718
10000719
10000720
10000721
10000722
10000723
10000724
10000725
10000726
10000727
10000728
10000729
10000730
10000731
10000732
10000733
10000734
10000735
10000736
10000737
10000738
10000739
10000740
10000741
10000742
10000743
10000744
10000745
10000746
10000747
10000748
10000749
10000750
10000751
10000752
10000753
10000754
10000755
10000756
10000757
10000758
10000759
10000760
10000761
10000762
10000763
10000764
10000765
10000766
10000767
10000768
10000769
10000770
10000771
10000772
10000773
10000774
10000775
10000776
10000777
10000778
10000779
10000780
10000781
10000782
10000783
10000784
10000785
10000786
10000787
10000788
10000789
10000790
10000791
10000792
10000793
10000794
10000795
10000796
10000797
10000798
10000799
10000800
10000801
10000802
10000803
10000804
10000805
10000806
10000807
10000808
10000809
10000810
10000811
10000812
10000813
10000814
10000815
10000816
10000817
10000818
10000819
10000820
10000821
10000822
10000823
10000824
10000825
10000826
10000827
10000828
10000829
10000830
10000831
10000832
10000833
10000834
10000835
10000836
10000837
10000838
10000839
10000840
10000841
10000842
10000843
10000844
10000845
10000846
10000847
10000848
10000849
10000850
10000851
10000852
10000853
10000854
10000855
10000856
10000857
10000858
10000859
10000860
10000861
10000862
10000863
10000864
10000865
10000866
10000867
10000868
10000869
10000870
10000871
10000872
10000873
10000874
10000875
10000876
10000877
10000878
10000879
10000880
10000881
10000882
10000883
10000884
10000885
10000886
10000887
10000888
10000889
10000890
10000891
10000892
10000893
10000894
10000895
10000896
10000897
10000898
10000899
10000900
10000901
10000902
10000903
10000904
10000905
10000906
10000907
10000908
10000909
10000910
10000911
10000912
10000913
10000914
10000915
10000916
10000917
10000918
10000919
10000920
10000921
10000922
10000923
10000924
10000925
10000926
10000927
10000928
10000929
10000930
10000931
10000932
10000933
10000934
10000935
10000936
10000937
10000938
10000939
10000940
10000941
10000942
10000943
10000944
10000945
10000946
10000947
10000948
10000949
10000950
10000951
10000952
10000953
10000954
10000955
10000956
10000957
10000958
10000959
10000960
10000961
10000962
10000963
10000964
10000965
10000966
10000967
10000968
10000969
10000970
10000971
10000972
10000973
10000974
10000975
10000976
10000977
10000978
10000979
10000980
10000981
10000982
10000983
10000984
10000985
10000986
10000987
10000988
10000989
10000990
10000991
10000992
10000993
10000994
10000995
10000996
10000997
10000998
10000999
10001000
10001001
10001002
10001003
10001004
10001005
10001006
10001007
10001008
10001009
10001010
10001011
10001012
10001013
10001014
10001015
10001016
10001017
10001018
10001019
10001020
10001021
10001022
10001023
10001024
10001025
10001026
10001027
10001028
10001029
10001030
10001031
10001032
10001033
10001034
10001035
10001036
10001037
10001038
10001039
10001040
10001041
10001042
10001043
10001044
10001045
10001046
10001047
10001048
10001049
10001050
10001051
10001052
10001053
10001054
10001055
10001056
10001057
10001058
10001059
10001060
10001061
10001062
10001063
10001064
10001065
10001066
10001067
10001068
10001069
10001070
10001071
10001072
10001073
10001074
10001075
10001076
10001077
10001078
10001079
10001080
10001081
10001082
10001083
10001084
10001085
10001086
10001087
10001088
10001089
10001090
10001091
10001092
10001093
10001094
10001095
10001096
10001097
10001098
10001099
10001100
10001101
10001102
10001103
10001104
10001105
10001106
10001107
10001108
10001109
10001110
10001111
10001112
10001113
10001114
10001115
10001116
10001117
10001118
10001119
10001120
10001121
10001122
10001123
10001124
10001125
10001126
10001127
10001128
10001129
10001130
10001131
10001132
10001133
10001134
10001135
10001136
10001137
10001138
10001139
10001140
10001141
10001142
10001143
10001144
10001145
10001146
10001147
10001148
10001149
10001150
10001151
10001152
10001153
10001154
10001155
10001156
10001157
10001158
10001159
10001160
10001161
10001162
10001163
10001164
10001165
10001166
10001167
10001168
10001169
10001170
10001171
10001172
10001173
10001174
10001175
10001176
10001177
10001178
10001179
10001180
10001181
10001182
10001183
10001184
10001185
10001186
10001187
10001188
10001189
10001190
10001191
10001192
10001193
10001194
10001195
10001196
10001197
10001198
10001199
10001200
10001201
10001202
10001203
10001204
10001205
10001206
10001207
10001208
10001209
10001210
10001211
10001212
10001213
10001214
10001215
10001216
10001217
10001218
10001219
10001220
10001221
10001222
10001223
10001224
10001225
10001226
10001227
10001228
10001229
10001230
10001231
10001232
10001233
10001234
10001235
10001236
10001237
10001238
10001239
10001240
10001241
10001242
10001243
10001244
10001245
10001246
10001247
10001248
10001249
10001250
10001251
10001252
10001253
10001254
10001255
10001256
10001257
10001258
10001259
10001260
10001261
10001262
10001263
10001264
10001265
10001266
10001267
10001268
10001269
10001270
10001271
10001272
10001273
10001274
10001275
10001276
10001277
10001278
10001279
10001280
10001281
10001282
10001283
10001284
10001285
10001286
10001287
10001288
10001289
10001290
10001291
10001292
10001293
10001294
10001295
10001296
10001297
10001298
10001299
10001300
10001301
10001302
10001303
10001304
10001305
10001306
10001307
10001308
10001309
10001310
10001311
10001312
10001313
10001314
10001315
10001316
10001317
10001318
10001319
10001320
10001321
10001322
10001323
10001324
10001325
10001326
10001327
10001328
10001329
10001330
10001331
10001332
10001333
10001334
10001335
10001336
10001337
10001338
10001339
10001340
10001341
10001342
10001343
10001344
10001345
10001346
10001347
10001348
10001349
10001350
10001351
10001352
10001353
10001354
10001355
10001356
10001357
10001358
10001359
10001360
10001361
10001362
10001363
10001364
10001365
10001366
10001367
10001368
10001369
10001370
10001371
10001372
10001373
10001374
10001375
10001376
10001377
10001378
10001379
10001380
10001381
10001382
10001383
10001384
10001385
10001386
10001387
10001388
10001389
10001390
10001391
10001392
10001393
10001394
10001395
10001396
10001397
10001398
10001399
10001400
10001401
10001402
10001403
10001404
10001405
10001406
10001407
10001408
10001409
10001410
10001411
10001412
10001413
10001414
10001415
10001416
10001417
10001418
10001419
10001420
10001421
10001422
10001423
10001424
10001425
10001426
10001427
10001428
10001429
10001430
10001431
10001432
10001433
10001434
10001435
10001436
10001437
10001438
10001439
10001440
10001441
10001442
10001443
10001444
10001445
10001446
10001447
10001448
10001449
10001450
10001451
10001452
10001453
10001454
10001455
10001456
10001457
10001458
10001459
10001460
10001461
10001462
10001463
10001464
10001465
10001466
10001467
10001468
10001469
10001470
10001471
10001472
10001473
10001474
10001475
10001476
10001477
10001478
10001479
10001480
10001481
10001482
10001483
10001484
10001485
10001486
10001487
10001488
10001489
10001490
10001491
10001492
10001493
10001494
10001495
10001496
10001497
10001498
10001499
10001500
10001501
10001502
10001503
10001504
10001505
10001506
10001507
10001508
10001509
10001510
10001511
10001512
10001513
10001514
10001515
10001516
10001517
10001518
10001519
10001520
10001521
10001522
10001523
10001524
10001525
10001526
10001527
10001528
10001529
10001530
10001531
10001532
10001533
10001534
10001535
10001536
10001537
10001538
10001539
10001540
10001541
10001542
10001543
10001544
10001545
10001546
10001547
10001548
10001549
10001550
10001551
10001552
10001553
10001554
10001555
10001556
10001557
10001558
10001559
10001560
10001561
10001562
10001563
10001564
10001565
10001566
10001567
10001568
10001569
10001570
10001571
10001572
10001573
10001574
10001575
10001576
10001577
10001578
10001579
10001580
10001581
10001582
10001583
10001584
10001585
10001586
10001587
10001588
10001589
10001590
10001591
10001592
10001593
10001594
10001595
10001596
10001597
10001598
10001599
10001600
10001601
10001602
10001603
10001604
10001605
10001606
10001607
10001608
10001609
10001610
10001611
10001612
10001613
10001614
10001615
10001616
10001617
10001618
10001619
10001620
10001621
10001622
10001623
10001624
10001625
10001626
10001627
10001628
10001629
10001630
10001631
10001632
10001633
10001634
10001635
10001636
10001637
10001638
10001639
10001640
10001641
10001642
10001643
10001644
10001645
10001646
10001647
10001648
10001649
10001650
10001651
10001652
10001653
10001654
10001655
10001656
10001657
10001658
10001659
10001660
10001661
10001662
10001663
10001664
10001665
10001666
10001667
10001668
10001669
10001670
10001671
10001672
10001673
10001674
10001675
10001676
10001677
10001678
10001679
10001680
10001681
10001682
10001683
10001684
10001685
10001686
10001687
10001688
10001689
10001690
10001691
10001692
10001693
10001694
10001695
10001696
10001697
10001698
10001699
10001700
10001701
10001702
10001703
10001704
10001705
10001706
10001707
10001708
10001709
10001710
10001711
10001712
10001713
10001714
10001715
10001716
10001717
10001718
10001719
10001720
10001721
10001722
10001723
10001724
10001725
10001726
10001727
10001728
10001729
10001730
10001731
10001732
10001733
10001734
10001735
10001736
10001737
10001738
10001739
10001740
10001741
10001742
10001743
10001744
10001745
10001746
10001747
10001748
10001749
10001750
10001751
10001752
10001753
10001754
10001755
10001756
10001757
10001758
10001759
10001760
10001761
10001762
10001763
10001764
10001765
10001766
10001767
10001768
10001769
10001770
10001771
10001772
10001773
10001774
10001775
10001776
10001777
10001778
10001779
10001780
10001781
10001782
10001783
10001784
10001785
10001786
10001787
10001788
10001789
10001790
10001791
10001792
10001793
10001794
10001795
10001796
10001797
10001798
10001799
10001800
10001801
10001802
10001803
10001804
10001805
10001806
10001807
10001808
10001809
10001810
10001811
10001812
10001813
10001814
10001815
10001816
10001817
10001818
10001819
10001820
10001821
10001822
10001823
10001824
10001825
10001826
10001827
10001828
10001829
10001830
10001831
10001832
10001833
10001834
10001835
10001836
10001837
10001838
10001839
10001840
10001841
10001842
10001843
10001844
10001845
10001846
10001847
10001848
10001849
10001850
10001851
10001852
10001853
10001854
10001855
10001856
10001857
10001858
10001859
10001860
10001861
10001862
10001863
10001864
10001865
10001866
10001867
10001868
10001869
10001870
10001871
10001872
10001873
10001874
10001875
10001876
10001877
10001878
10001879
10001880
10001881
10001882
10001883
10001884
10001885
10001886
10001887
10001888
10001889
10001890
10001891
10001892
10001893
10001894
10001895
10001896
10001897
10001898
10001899
10001900
10001901
10001902
10001903
10001904
10001905
10001906
10001907
10001908
10001909
10001910
10001911
10001912
10001913
10001914
10001915
10001916
10001917
10001918
10001919
10001920
10001921
10001922
10001923
10001924
10001925
10001926
10001927
10001928
10001929
10001930
10001931
10001932
10001933
10001934
10001935
10001936
10001937
10001938
10001939
10001940
10001941
10001942
10001943
10001944
10001945
10001946
10001947
10001948
10001949
10001950
10001951
10001952
10001953
10001954
10001955
10001956
10001957
10001958
10001959
10001960
10001961
10001962
10001963
10001964
10001965
10001966
10001967
10001968
10001969
10001970
10001971
10001972
10001973
10001974
10001975
10001976
10001977
10001978
10001979
10001980
10001981
10001982
10001983
10001984
10001985
10001986
10001987
10001988
10001989
10001990
10001991
10001992
10001993
10001994
10001995
10001996
10001997
10001998
10001999
10002000
10002001
10002002
10002003
10002004
10002005
10002006
10002007
10002008
10002009
10002010
10002011
10002012
10002013
10002014
10002015
10002016
10002017
10002018
10002019
10002020
10002021
10002022
10002023
10002024
10002025
10002026
10002027
10002028
10002029
10002030
10002031
10002032
10002033
10002034
10002035
10002036
10002037
10002038
10002039
10002040
10002041
10002042
10002043
10002044
10002045
10002046
10002047
10002048
10002049
10002050
10002051
10002052
10002053
10002054
10002055
10002056
10002057
10002058
10002059
10002060
10002061
10002062
10002063
10002064
10002065
10002066
10002067
10002068
10002069
10002070
10002071
10002072
10002073
10002074
10002075
10002076
10002077
10002078
10002079
10002080
10002081
10002082
10002083
10002084
10002085
10002086
10002087
10002088
10002089
10002090
10002091
10002092
10002093
10002094
10002095
10002096
10002097
10002098
10002099
10002100
10002101
10002102
10002103
10002104
10002105
10002106
10002107
10002108
10002109
10002110
10002111
10002112
10002113
10002114
10002115
10002116
10002117
10002118
10002119
10002120
10002121
10002122
10002123
10002124
10002125
10002126
10002127
10002128
10002129
10002130
10002131
10002132
10002133
10002134
10002135
10002136
10002137
10002138
10002139
10002140
10002141
10002142
10002143
10002144
10002145
10002146
10002147
10002148
10002149
10002150
10002151
10002152
10002153
10002154
10002155
10002156
10002157
10002158
10002159
10002160
10002161
10002162
10002163
10002164
10002165
10002166
10002167
10002168
10002169
10002170
10002171
10002172
10002173
10002174
10002175
10002176
10002177
10002178
10002179
10002180
10002181
10002182
10002183
10002184
10002185
10002186
10002187
10002188
10002189
10002190
10002191
10002192
10002193
10002194
10002195
10002196
10002197
10002198
10002199
10002200
10002201
10002202
10002203
10002204
10002205
10002206
10002207
10002208
10002209
10002210
10002211
10002212
10002213
10002214
10002215
10002216
10002217
10002218
10002219
10002220
10002221
10002222
10002223
10002224
10002225
10002226
10002227
10002228
10002229
10002230
10002231
10002232
10002233
10002234
10002235
10002236
10002237
10002238
10002239
10002240
10002241
10002242
10002243
10002244
10002245
10002246
10002247
10002248
10002249
10002250
10002251
10002252
10002253
10002254
10002255
10002256
10002257
10002258
10002259
10002260
10002261
10002262
10002263
10002264
10002265
10002266
10002267
10002268
10002269
10002270
10002271
10002272
10002273
10002274
10002275
10002276
10002277
10002278
10002279
10002280
10002281
10002282
10002283
10002284
10002285
10002286
10002287
10002288
10002289
10002290
10002291
10002292
10002293
10002294
10002295
10002296
10002297
10002298
10002299
10002300
10002301
10002302
10002303
10002304
10002305
10002306
10002307
10002308
10002309
10002310
10002311
10002312
10002313
10002314
10002315
10002316
10002317
10002318
10002319
10002320
10002321
10002322
10002323
10002324
10002325
10002326
10002327
10002328
10002329
10002330
10002331
10002332
10002333
10002334
10002335
10002336
10002337
10002338
10002339
10002340
10002341
10002342
10002343
10002344
10002345
10002346
10002347
10002348
10002349
10002350
10002351
10002352
10002353
10002354
10002355
10002356
10002357
10002358
10002359
10002360
10002361
10002362
10002363
10002364
10002365
10002366
10002367
10002368
10002369
10002370
10002371
10002372
10002373
10002374
10002375
10002376
10002377
10002378
10002379
10002380
10002381
10002382
10002383
10002384
10002385
10002386
10002387
10002388
10002389
10002390
10002391
10002392
10002393
10002394
10002395
10002396
10002397
10002398
10002399
10002400
10002401
10002402
10002403
10002404
10002405
10002406
10002407
10002408
10002409
10002410
10002411
10002412
10002413
10002414
10002415
10002416
10002417
10002418
10002419
10002420
10002421
10002422
10002423
10002424
10002425
10002426
10002427
10002428
10002429
10002430
10002431
10002432
10002433
10002434
10002435
10002436
10002437
10002438
10002439
10002440
10002441
10002442
10002443
10002444
10002445
10002446
10002447
10002448
10002449
10002450
10002451
10002452
10002453
10002454
10002455
10002456
10002457
10002458
10002459
10002460
10002461
10002462
10002463
10002464
10002465
10002466
10002467
10002468
10002469
10002470
10002471
10002472
10002473
10002474
10002475
10002476
10002477
10002478
10002479
10002480
10002481
10002482
10002483
10002484
10002485
10002486
10002487
10002488
10002489
10002490
10002491
10002492
10002493
10002494
10002495
10002496
10002497
10002498
10002499
10002500
10002501
10002502
10002503
10002504
10002505
10002506
10002507
10002508
10002509
10002510
10002511
10002512
10002513
10002514
10002515
10002516
10002517
10002518
10002519
10002520
10002521
10002522
10002523
10002524
10002525
10002526
10002527
10002528
10002529
10002530
10002531
10002532
10002533
10002534
10002535
10002536
10002537
10002538
10002539
10002540
10002541
10002542
10002543
10002544
10002545
10002546
10002547
10002548
10002549
10002550
10002551
10002552
10002553
10002554
10002555
10002556
10002557
10002558
10002559
10002560
10002561
10002562
10002563
10002564
10002565
10002566
10002567
10002568
10002569
10002570
10002571
10002572
10002573
10002574
10002575
10002576
10002577
10002578
10002579
10002580
10002581
10002582
10002583
10002584
10002585
10002586
10002587
10002588
10002589
10002590
10002591
10002592
10002593
10002594
10002595
10002596
10002597
10002598
10002599
10002600
10002601
10002602
10002603
10002604
10002605
10002606
10002607
10002608
10002609
10002610
10002611
10002612
10002613
10002614
10002615
10002616
10002617
10002618
10002619
10002620
10002621
10002622
10002623
10002624
10002625
10002626
10002627
10002628
10002629
10002630
10002631
10002632
10002633
10002634
10002635
10002636
10002637
10002638
10002639
10002640
10002641
10002642
10002643
10002644
10002645
10002646
10002647
10002648
10002649
10002650
10002651
10002652
10002653
10002654
10002655
10002656
10002657
10002658
10002659
10002660
10002661
10002662
10002663
10002664
10002665
10002666
10002667
10002668
10002669
10002670
10002671
10002672
10002673
10002674
10002675
10002676
10002677
10002678
10002679
10002680
10002681
10002682
10002683
10002684
10002685
10002686
10002687
10002688
10002689
10002690
10002691
10002692
10002693
10002694
10002695
10002696
10002697
10002698
10002699
10002700
10002701
10002702
10002703
10002704
10002705
10002706
10002707
10002708
10002709
10002710
10002711
10002712
10002713
10002714
10002715
10002716
10002717
10002718
10002719
10002720
10002721
10002722
10002723
10002724
10002725
10002726
10002727
10002728
10002729
10002730
10002731
10002732
10002733
10002734
10002735
10002736
10002737
10002738
10002739
10002740
10002741
10002742
10002743
10002744
10002745
10002746
10002747
10002748
10002749
10002750
10002751
10002752
10002753
10002754
10002755
10002756
10002757
10002758
10002759
10002760
10002761
10002762
10002763
10002764
10002765
10002766
10002767
10002768
10002769
10002770
10002771
10002772
10002773
10002774
10002775
10002776
10002777
10002778
10002779
10002780
10002781
10002782
10002783
10002784
10002785
10002786
10002787
10002788
10002789
10002790
10002791
10002792
10002793
10002794
10002795
10002796
10002797
10002798
10002799
10002800
10002801
10002802
10002803
10002804
10002805
10002806
10002807
10002808
10002809
10002810
10002811
10002812
10002813
10002814
10002815
10002816
10002817
10002818
10002819
10002820
10002821
10002822
10002823
10002824
10002825
10002826
10002827
10002828
10002829
10002830
10002831
10002832
10002833
10002834
10002835
10002836
10002837
10002838
10002839
10002840
10002841
10002842
10002843
10002844
10002845
10002846
10002847
10002848
10002849
10002850
10002851
10002852
10002853
10002854
10002855
10002856
10002857
10002858
10002859
10002860
10002861
10002862
10002863
10002864
10002865
10002866
10002867
10002868
10002869
10002870
10002871
10002872
10002873
10002874
10002875
10002876
10002877
10002878
10002879
10002880
10002881
10002882
10002883
10002884
10002885
10002886
10002887
10002888
10002889
10002890
10002891
10002892
10002893
10002894
10002895
10002896
10002897
10002898
10002899
10002900
10002901
10002902
10002903
10002904
10002905
10002906
10002907
10002908
10002909
10002910
10002911
10002912
10002913
10002914
10002915
10002916
10002917
10002918
10002919
10002920
10002921
10002922
10002923
10002924
10002925
10002926
10002927
10002928
10002929
10002930
10002931
10002932
10002933
10002934
10002935
10002936
10002937
10002938
10002939
10002940
10002941
10002942
10002943
10002944
10002945
10002946
10002947
10002948
10002949
10002950
10002951
10002952
10002953
10002954
10002955
10002956
10002957
10002958
10002959
10002960
10002961
10002962
10002963
10002964
10002965
10002966
10002967
10002968
10002969
10002970
10002971
10002972
10002973
10002974
10002975
10002976
10002977
10002978
10002979
10002980
10002981
10002982
10002983
10002984
10002985
10002986
10002987
10002988
10002989
10002990
10002991
10002992
10002993
10002994
10002995
10002996
10002997
10002998
10002999
10003000
10003001
10003002
10003003
10003004
10003005
10003006
10003007
10003008
10003009
10003010
10003011
10003012
10003013
10003014
10003015
10003016
10003017
10003018
10003019
10003020
10003021
10003022
10003023
10003024
10003025
10003026
10003027
10003028
10003029
10003030
10003031
10003032
10003033
10003034
10003035
10003036
10003037
10003038
10003039
10003040
10003041
10003042
10003043
10003044
10003045
10003046
10003047
10003048
10003049
10003050
10003051
10003052
10003053
10003054
10003055
10003056
10003057
10003058
10003059
10003060
10003061
10003062
10003063
10003064
10003065
10003066
10003067
10003068
10003069
10003070
10003071
10003072
10003073
10003074
10003075
10003076
10003077
10003078
10003079
10003080
10003081
10003082
10003083
10003084
10003085
10003086
10003087
10003088
10003089
10003090
10003091
10003092
10003093
10003094
10003095
10003096
10003097
10003098
10003099
10003100
10003101
10003102
10003103
10003104
10003105
10003106
10003107
10003108
10003109
10003110
10003111
10003112
10003113
10003114
10003115
10003116
10003117
10003118
10003119
10003120
10003121
10003122
10003123
10003124
10003125
10003126
10003127
10003128
10003129
10003130
10003131
10003132
10003133
10003134
10003135
10003136
10003137
10003138
10003139
10003140
10003141
10003142
10003143
10003144
10003145
10003146
10003147
10003148
10003149
10003150
10003151
10003152
10003153
10003154
10003155
10003156
10003157
10003158
10003159
10003160
10003161
10003162
10003163
10003164
10003165
10003166
10003167
10003168
10003169
10003170
10003171
10003172
10003173
10003174
10003175
10003176
10003177
10003178
10003179
10003180
10003181
10003182
10003183
10003184
10003185
10003186
10003187
10003188
10003189
10003190
10003191
10003192
10003193
10003194
10003195
10003196
10003197
10003198
10003199
10003200
10003201
10003202
10003203
10003204
10003205
10003206
10003207
10003208
10003209
10003210
10003211
10003212
10003213
10003214
10003215
10003216
10003217
10003218
10003219
10003220
10003221
10003222
10003223
10003224
10003225
10003226
10003227
10003228
10003229
10003230
10003231
10003232
10003233
10003234
10003235
10003236
10003237
10003238
10003239
10003240
10003241
10003242
10003243
10003244
10003245
10003246
10003247
10003248
10003249
10003250
10003251
10003252
10003253
10003254
10003255
10003256
10003257
10003258
10003259
10003260
10003261
10003262
10003263
10003264
10003265
10003266
10003267
10003268
10003269
10003270
10003271
10003272
10003273
10003274
10003275
10003276
10003277
10003278
10003279
10003280
10003281
10003282
10003283
10003284
10003285
10003286
10003287
10003288
10003289
10003290
10003291
10003292
10003293
10003294
10003295
10003296
10003297
10003298
10003299
10003300
10003301
10003302
10003303
10003304
10003305
10003306
10003307
10003308
10003309
10003310
10003311
10003312
10003313
10003314
10003315
10003316
10003317
10003318
10003319
10003320
10003321
10003322
10003323
10003324
10003325
10003326
10003327
10003328
10003329
10003330
10003331
10003332
10003333
10003334
10003335
10003336
10003337
10003338
10003339
10003340
10003341
10003342
10003343
10003344
10003345
10003346
10003347
10003348
10003349
10003350
10003351
10003352
10003353
10003354
10003355
10003356
10003357
10003358
10003359
10003360
10003361
10003362
10003363
10003364
10003365
10003366
10003367
10003368
10003369
10003370
10003371
10003372
10003373
10003374
10003375
10003376
10003377
10003378
10003379
10003380
10003381
10003382
10003383
10003384
10003385
10003386
10003387
10003388
10003389
10003390
10003391
10003392
10003393
10003394
10003395
10003396
10003397
10003398
10003399
10003400
10003401
10003402
10003403
10003404
10003405
10003406
10003407
10003408
10003409
10003410
10003411
10003412
10003413
10003414
10003415
10003416
10003417
10003418
10003419
10003420
10003421
10003422
10003423
10003424
10003425
10003426
10003427
10003428
10003429
10003430
10003431
10003432
10003433
10003434
10003435
10003436
10003437
10003438
10003439
10003440
10003441
10003442
10003443
10003444
10003445
10003446
10003447
10003448
10003449
10003450
10003451
10003452
10003453
10003454
10003455
10003456
10003457
10003458
10003459
10003460
10003461
10003462
10003463
10003464
10003465
10003466
10003467
10003468
10003469
10003470
10003471
10003472
10003473
10003474
10003475
10003476
10003477
10003478
10003479
10003480
10003481
10003482
10003483
10003484
10003485
10003486
10003487
10003488
10003489
10003490
10003491
10003492
10003493
10003494
10003495
10003496
10003497
10003498
10003499
10003500
10003501
10003502
10003503
10003504
10003505
10003506
10003507
10003508
10003509
10003510
10003511
10003512
10003513
10003514
10003515
10003516
10003517
10003518
10003519
10003520
10003521
10003522
10003523
10003524
10003525
10003526
10003527
10003528
10003529
10003530
10003531
10003532
10003533
10003534
10003535
10003536
10003537
10003538
10003539
10003540
10003541
10003542
10003543
10003544
10003545
10003546
10003547
10003548
10003549
10003550
10003551
10003552
10003553
10003554
10003555
10003556
10003557
10003558
10003559
10003560
10003561
10003562
10003563
10003564
10003565
10003566
10003567
10003568
10003569
10003570
10003571
10003572
10003573
10003574
10003575
10003576
10003577
10003578
10003579
10003580
10003581
10003582
10003583
10003584
10003585
10003586
10003587
10003588
10003589
10003590
10003591
10003592
10003593
10003594
10003595
10003596
10003597
10003598
10003599
10003600
10003601
10003602
10003603
10003604
10003605
10003606
10003607
10003608
10003609
10003610
10003611
10003612
10003613
10003614
10003615
10003616
10003617
10003618
10003619
10003620
10003621
10003622
10003623
10003624
10003625
10003626
10003627
10003628
10003629
10003630
10003631
10003632
10003633
10003634
10003635
10003636
10003637
10003638
10003639
10003640
10003641
10003642
10003643
10003644
10003645
10003646
10003647
10003648
10003649
10003650
10003651
10003652
10003653
10003654
10003655
10003656
10003657
10003658
10003659
10003660
10003661
10003662
10003663
10003664
10003665
10003666
10003667
10003668
10003669
10003670
10003671
10003672
10003673
10003674
10003675
10003676
10003677
10003678
10003679
10003680
10003681
10003682
10003683
10003684
10003685
10003686
10003687
10003688
10003689
10003690
10003691
10003692
10003693
10003694
10003695
10003696
10003697
10003698
10003699
10003700
10003701
10003702
10003703
10003704
10003705
10003706
10003707
10003708
10003709
10003710
10003711
10003712
10003713
10003714
10003715
10003716
10003717
10003718
10003719
10003720
10003721
10003722
10003723
10003724
10003725
10003726
10003727
10003728
10003729
10003730
10003731
10003732
10003733
10003734
10003735
10003736
10003737
10003738
10003739
10003740
10003741
10003742
10003743
10003744
10003745
10003746
10003747
10003748
10003749
10003750
10003751
10003752
10003753
10003754
10003755
10003756
10003757
10003758
10003759
10003760
10003761
10003762
10003763
10003764
10003765
10003766
10003767
10003768
10003769
10003770
10003771
10003772
10003773
10003774
10003775
10003776
10003777
10003778
10003779
10003780
10003781
10003782
10003783
10003784
10003785
10003786
10003787
10003788
10003789
10003790
10003791
10003792
10003793
10003794
10003795
10003796
10003797
10003798
10003799
10003800
10003801
10003802
10003803
10003804
10003805
10003806
10003807
10003808
10003809
10003810
10003811
10003812
10003813
10003814
10003815
10003816
10003817
10003818
10003819
10003820
10003821
10003822
10003823
10003824
10003825
10003826
10003827
10003828
10003829
10003830
10003831
10003832
10003833
10003834
10003835
10003836
10003837
10003838
10003839
10003840
10003841
10003842
10003843
10003844
10003845
10003846
10003847
10003848
10003849
10003850
10003851
10003852
10003853
10003854
10003855
10003856
10003857
10003858
10003859
10003860
10003861
10003862
10003863
10003864
10003865
10003866
10003867
10003868
10003869
10003870
10003871
10003872
10003873
10003874
10003875
10003876
10003877
10003878
10003879
10003880
10003881
10003882
10003883
10003884
10003885
10003886
10003887
10003888
10003889
10003890
10003891
10003892
10003893
10003894
10003895
10003896
10003897
10003898
10003899
10003900
10003901
10003902
10003903
10003904
10003905
10003906
10003907
10003908
10003909
10003910
10003911
10003912
10003913
10003914
10003915
10003916
10003917
10003918
10003919
10003920
10003921
10003922
10003923
10003924
10003925
10003926
10003927
10003928
10003929
10003930
10003931
10003932
10003933
10003934
10003935
10003936
10003937
10003938
10003939
10003940
10003941
10003942
10003943
10003944
10003945
10003946
10003947
10003948
10003949
10003950
10003951
10003952
10003953
10003954
10003955
10003956
10003957
10003958
10003959
10003960
10003961
10003962
10003963
10003964
10003965
10003966
10003967
10003968
10003969
10003970
10003971
10003972
10003973
10003974
10003975
10003976
10003977
10003978
10003979
10003980
10003981
10003982
10003983
10003984
10003985
10003986
10003987
10003988
10003989
10003990
10003991
10003992
10003993
10003994
10003995
10003996
10003997
10003998
10003999
10004000
10004001
10004002
10004003
10004004
10004005
10004006
10004007
10004008
10004009
10004010
10004011
10004012
10004013
10004014
10004015
10004016
10004017
10004018
10004019
10004020
10004021
10004022
10004023
10004024
10004025
10004026
10004027
10004028
10004029
10004030
10004031
10004032
10004033
10004034
10004035
10004036
10004037
10004038
10004039
10004040
10004041
10004042
10004043
10004044
10004045
10004046
10004047
10004048
10004049
10004050
10004051
10004052
10004053
10004054
10004055
10004056
10004057
10004058
10004059
10004060
10004061
10004062
10004063
10004064
10004065
10004066
10004067
10004068
10004069
10004070
10004071
10004072
10004073
10004074
10004075
10004076
10004077
10004078
10004079
10004080
10004081
10004082
10004083
10004084
10004085
10004086
10004087
10004088
10004089
10004090
10004091
10004092
10004093
10004094
10004095
10004096
10004097
10004098
10004099
10004100
10004101
10004102
10004103
10004104
10004105
10004106
10004107
10004108
10004109
10004110
10004111
10004112
10004113
10004114
10004115
10004116
10004117
10004118
10004119
10004120
10004121
10004122
10004123
10004124
10004125
10004126
10004127
10004128
10004129
10004130
10004131
10004132
10004133
10004134
10004135
10004136
10004137
10004138
10004139
10004140
10004141
10004142
10004143
10004144
10004145
10004146
10004147
10004148
10004149
10004150
10004151
10004152
10004153
10004154
10004155
10004156
10004157
10004158
10004159
10004160
10004161
10004162
10004163
10004164
10004165
10004166
10004167
10004168
10004169
10004170
10004171
10004172
10004173
10004174
10004175
10004176
10004177
10004178
10004179
10004180
10004181
10004182
10004183
10004184
10004185
10004186
10004187
10004188
10004189
10004190
10004191
10004192
10004193
10004194
10004195
10004196
10004197
10004198
10004199
10004200
10004201
10004202
10004203
10004204
10004205
10004206
10004207
10004208
10004209
10004210
10004211
10004212
10004213
10004214
10004215
10004216
10004217
10004218
10004219
10004220
10004221
10004222
10004223
10004224
10004225
10004226
10004227
10004228
10004229
10004230
10004231
10004232
10004233
10004234
10004235
10004236
10004237
10004238
10004239
10004240
10004241
10004242
10004243
10004244
10004245
10004246
10004247
10004248
10004249
10004250
10004251
10004252
10004253
10004254
10004255
10004256
10004257
10004258
10004259
10004260
10004261
10004262
10004263
10004264
10004265
10004266
10004267
10004268
10004269
10004270
10004271
10004272
10004273
10004274
10004275
10004276
10004277
10004278
10004279
10004280
10004281
10004282
10004283
10004284
10004285
10004286
10004287
10004288
10004289
10004290
10004291
10004292
10004293
10004294
10004295
10004296
10004297
10004298
10004299
10004300
10004301
10004302
10004303
10004304
10004305
10004306
10004307
10004308
10004309
10004310
10004311
10004312
10004313
10004314
10004315
10004316
10004317
10004318
10004319
10004320
10004321
10004322
10004323
10004324
10004325
10004326
10004327
10004328
10004329
10004330
10004331
10004332
10004333
10004334
10004335
10004336
10004337
10004338
10004339
10004340
10004341
10004342
10004343
10004344
10004345
10004346
10004347
10004348
10004349
10004350
10004351
10004352
10004353
10004354
10004355
10004356
10004357
10004358
10004359
10004360
10004361
10004362
10004363
10004364
10004365
10004366
10004367
10004368
10004369
10004370
10004371
10004372
10004373
10004374
10004375
10004376
10004377
10004378
10004379
10004380
10004381
10004382
10004383
10004384
10004385
10004386
10004387
10004388
10004389
10004390
10004391
10004392
10004393
10004394
10004395
10004396
10004397
10004398
10004399
10004400
10004401
10004402
10004403
10004404
10004405
10004406
10004407
10004408
10004409
10004410
10004411
10004412
10004413
10004414
10004415
10004416
10004417
10004418
10004419
10004420
10004421
10004422
10004423
10004424
10004425
10004426
10004427
10004428
10004429
10004430
10004431
10004432
10004433
10004434
10004435
10004436
10004437
10004438
10004439
10004440
10004441
10004442
10004443
10004444
10004445
10004446
10004447
10004448
10004449
10004450
10004451
10004452
10004453
10004454
10004455
10004456
10004457
10004458
10004459
10004460
10004461
10004462
10004463
10004464
10004465
10004466
10004467
10004468
10004469
10004470
10004471
10004472
10004473
10004474
10004475
10004476
10004477
10004478
10004479
10004480
10004481
10004482
10004483
10004484
10004485
10004486
10004487
10004488
10004489
10004490
10004491
10004492
10004493
10004494
10004495
10004496
10004497
10004498
10004499
10004500
10004501
10004502
10004503
10004504
10004505
10004506
10004507
10004508
10004509
10004510
10004511
10004512
10004513
10004514
10004515
10004516
10004517
10004518
10004519
10004520
10004521
10004522
10004523
10004524
10004525
10004526
10004527
10004528
10004529
10004530
10004531
10004532
10004533
10004534
10004535
10004536
10004537
10004538
10004539
10004540
10004541
10004542
10004543
10004544
10004545
10004546
10004547
10004548
10004549
10004550
10004551
10004552
10004553
10004554
10004555
10004556
10004557
10004558
10004559
10004560
10004561
10004562
10004563
10004564
10004565
10004566
10004567
10004568
10004569
10004570
10004571
10004572
10004573
10004574
10004575
10004576
10004577
10004578
10004579
10004580
10004581
10004582
10004583
10004584
10004585
10004586
10004587
10004588
10004589
10004590
10004591
10004592
10004593
10004594
10004595
10004596
10004597
10004598
10004599
10004600
10004601
10004602
10004603
10004604
10004605
10004606
10004607
10004608
10004609
10004610
10004611
10004612
10004613
10004614
10004615
10004616
10004617
10004618
10004619
10004620
10004621
10004622
10004623
10004624
10004625
10004626
10004627
10004628
10004629
10004630
10004631
10004632
10004633
10004634
10004635
10004636
10004637
10004638
10004639
10004640
10004641
10004642
10004643
10004644
10004645
10004646
10004647
10004648
10004649
10004650
10004651
10004652
10004653
10004654
10004655
10004656
10004657
10004658
10004659
10004660
10004661
10004662
10004663
10004664
10004665
10004666
10004667
10004668
10004669
10004670
10004671
10004672
10004673
10004674
10004675
10004676
10004677
10004678
10004679
10004680
10004681
10004682
10004683
10004684
10004685
10004686
10004687
10004688
10004689
10004690
10004691
10004692
10004693
10004694
10004695
10004696
10004697
10004698
10004699
10004700
10004701
10004702
10004703
10004704
10004705
10004706
10004707
10004708
10004709
10004710
10004711
10004712
10004713
10004714
10004715
10004716
10004717
10004718
10004719
10004720
10004721
10004722
10004723
10004724
10004725
10004726
10004727
10004728
10004729
10004730
10004731
10004732
10004733
10004734
10004735
10004736
10004737
10004738
10004739
10004740
10004741
10004742
10004743
10004744
10004745
10004746
10004747
10004748
10004749
10004750
10004751
10004752
10004753
10004754
10004755
10004756
10004757
10004758
10004759
10004760
10004761
10004762
10004763
10004764
10004765
10004766
10004767
10004768
10004769
10004770
10004771
10004772
10004773
10004774
10004775
10004776
10004777
10004778
10004779
10004780
10004781
10004782
10004783
10004784
10004785
10004786
10004787
10004788
10004789
10004790
10004791
10004792
10004793
10004794
10004795
10004796
10004797
10004798
10004799
10004800
10004801
10004802
10004803
10004804
10004805
10004806
10004807
10004808
10004809
10004810
10004811
10004812
10004813
10004814
10004815
10004816
10004817
10004818
10004819
10004820
10004821
10004822
10004823
10004824
10004825
10004826
10004827
10004828
10004829
10004830
10004831
10004832
10004833
10004834
10004835
10004836
10004837
10004838
10004839
10004840
10004841
10004842
10004843
10004844
10004845
10004846
10004847
10004848
10004849
10004850
10004851
10004852
10004853
10004854
10004855
10004856
10004857
10004858
10004859
10004860
10004861
10004862
10004863
10004864
10004865
10004866
10004867
10004868
10004869
10004870
10004871
10004872
10004873
10004874
10004875
10004876
10004877
10004878
10004879
10004880
10004881
10004882
10004883
10004884
10004885
10004886
10004887
10004888
10004889
10004890
10004891
10004892
10004893
10004894
10004895
10004896
10004897
10004898
10004899
10004900
10004901
10004902
10004903
10004904
10004905
10004906
10004907
10004908
10004909
10004910
10004911
10004912
10004913
10004914
10004915
10004916
10004917
10004918
10004919
10004920
10004921
10004922
10004923
10004924
10004925
10004926
10004927
10004928
10004929
10004930
10004931
10004932
10004933
10004934
10004935
10004936
10004937
10004938
10004939
10004940
10004941
10004942
10004943
10004944
10004945
10004946
10004947
10004948
10004949
10004950
10004951
10004952
10004953
10004954
10004955
10004956
10004957
10004958
10004959
10004960
10004961
10004962
10004963
10004964
10004965
10004966
10004967
10004968
10004969
10004970
10004971
10004972
10004973
10004974
10004975
10004976
10004977
10004978
10004979
10004980
10004981
10004982
10004983
10004984
10004985
10004986
10004987
10004988
10004989
10004990
10004991
10004992
10004993
10004994
10004995
10004996
10004997
10004998
10004999